-1 2 0
-3 4 0
-5 6 0
-7 8 0
-9 10 0
-11 12 0
-13 14 0
-15 16 0
-17 18 0
-19 20 0
-21 22 0
-23 24 0
-25 26 0
-27 28 0
-29 30 0
-1 31 0
-3 32 0
-5 33 0
-7 34 0
-9 35 0
13 36 1 9 37 0
13 36 1 9 38 0
13 36 1 37 38 0
13 36 9 37 38 0
13 1 9 37 38 0
36 1 9 37 38 0
27 11 13 3 0
27 11 13 1 0
27 11 3 1 0
27 13 3 1 0
11 13 3 1 0
9 39 0
9 27 0
39 27 0
17 39 0
17 27 0
39 27 0
13 36 1 9 37 38 0
37 17 23 39 3 0
13 36 3 0
9 29 21 0
27 11 13 3 1 0
21 39 5 9 15 0
9 15 27 0
23 17 19 36 9 0
15 17 37 11 27 0
9 39 27 0
1 9 36 0
13 29 25 40 0
40 5 21 0
19 5 39 23 0
36 5 1 0
25 1 40 0
39 9 27 0
40 27 36 1 7 0
23 38 29 40 15 0
17 39 27 0
37 9 5 19 27 29 0
21 29 19 23 0
23 37 29 0
23 21 36 15 13 27 0
36 11 9 3 37 0
13 36 27 0
27 23 29 25 17 0
17 9 38 11 25 29 0
40 1 11 13 0
9 37 17 11 0
39 3 37 38 19 15 29 0
27 40 11 21 13 0
11 37 38 23 0
7 27 9 5 1 23 13 0
25 17 13 5 21 1 0
17 27 7 0
40 3 17 7 0
7 40 9 5 17 0
25 7 21 19 0
39 36 38 0
37 15 1 7 0
11 27 3 0
1 3 23 13 21 0
15 7 9 36 1 0
23 29 19 5 17 7 0
25 39 3 21 0
1 11 21 3 29 0
37 1 21 0
38 9 27 11 0
39 27 7 37 0
-2 -4 -6 -8 0
-2 -4 -6 -10 0
-2 -4 -6 -12 0
-2 -4 -6 -14 0
-2 -4 -6 -16 0
-2 -4 -6 -18 0
-2 -4 -6 -20 0
-2 -4 -6 -22 0
-2 -4 -6 -24 0
-2 -4 -6 -26 0
-2 -4 -6 -28 0
-2 -4 -6 -30 0
-2 -4 -6 -31 0
-2 -4 -6 -32 0
-2 -4 -6 -33 0
-2 -4 -6 -34 0
-2 -4 -6 -35 0
-2 -4 -8 -10 0
-2 -4 -8 -12 0
-2 -4 -8 -14 0
-2 -4 -8 -16 0
-2 -4 -8 -18 0
-2 -4 -8 -20 0
-2 -4 -8 -22 0
-2 -4 -8 -24 0
-2 -4 -8 -26 0
-2 -4 -8 -28 0
-2 -4 -8 -30 0
-2 -4 -8 -31 0
-2 -4 -8 -32 0
-2 -4 -8 -33 0
-2 -4 -8 -34 0
-2 -4 -8 -35 0
-2 -4 -10 -12 0
-2 -4 -10 -14 0
-2 -4 -10 -16 0
-2 -4 -10 -18 0
-2 -4 -10 -20 0
-2 -4 -10 -22 0
-2 -4 -10 -24 0
-2 -4 -10 -26 0
-2 -4 -10 -28 0
-2 -4 -10 -30 0
-2 -4 -10 -31 0
-2 -4 -10 -32 0
-2 -4 -10 -33 0
-2 -4 -10 -34 0
-2 -4 -10 -35 0
-2 -4 -12 -14 0
-2 -4 -12 -16 0
-2 -4 -12 -18 0
-2 -4 -12 -20 0
-2 -4 -12 -22 0
-2 -4 -12 -24 0
-2 -4 -12 -26 0
-2 -4 -12 -28 0
-2 -4 -12 -30 0
-2 -4 -12 -31 0
-2 -4 -12 -32 0
-2 -4 -12 -33 0
-2 -4 -12 -34 0
-2 -4 -12 -35 0
-2 -4 -14 -16 0
-2 -4 -14 -18 0
-2 -4 -14 -20 0
-2 -4 -14 -22 0
-2 -4 -14 -24 0
-2 -4 -14 -26 0
-2 -4 -14 -28 0
-2 -4 -14 -30 0
-2 -4 -14 -31 0
-2 -4 -14 -32 0
-2 -4 -14 -33 0
-2 -4 -14 -34 0
-2 -4 -14 -35 0
-2 -4 -16 -18 0
-2 -4 -16 -20 0
-2 -4 -16 -22 0
-2 -4 -16 -24 0
-2 -4 -16 -26 0
-2 -4 -16 -28 0
-2 -4 -16 -30 0
-2 -4 -16 -31 0
-2 -4 -16 -32 0
-2 -4 -16 -33 0
-2 -4 -16 -34 0
-2 -4 -16 -35 0
-2 -4 -18 -20 0
-2 -4 -18 -22 0
-2 -4 -18 -24 0
-2 -4 -18 -26 0
-2 -4 -18 -28 0
-2 -4 -18 -30 0
-2 -4 -18 -31 0
-2 -4 -18 -32 0
-2 -4 -18 -33 0
-2 -4 -18 -34 0
-2 -4 -18 -35 0
-2 -4 -20 -22 0
-2 -4 -20 -24 0
-2 -4 -20 -26 0
-2 -4 -20 -28 0
-2 -4 -20 -30 0
-2 -4 -20 -31 0
-2 -4 -20 -32 0
-2 -4 -20 -33 0
-2 -4 -20 -34 0
-2 -4 -20 -35 0
-2 -4 -22 -24 0
-2 -4 -22 -26 0
-2 -4 -22 -28 0
-2 -4 -22 -30 0
-2 -4 -22 -31 0
-2 -4 -22 -32 0
-2 -4 -22 -33 0
-2 -4 -22 -34 0
-2 -4 -22 -35 0
-2 -4 -24 -26 0
-2 -4 -24 -28 0
-2 -4 -24 -30 0
-2 -4 -24 -31 0
-2 -4 -24 -32 0
-2 -4 -24 -33 0
-2 -4 -24 -34 0
-2 -4 -24 -35 0
-2 -4 -26 -28 0
-2 -4 -26 -30 0
-2 -4 -26 -31 0
-2 -4 -26 -32 0
-2 -4 -26 -33 0
-2 -4 -26 -34 0
-2 -4 -26 -35 0
-2 -4 -28 -30 0
-2 -4 -28 -31 0
-2 -4 -28 -32 0
-2 -4 -28 -33 0
-2 -4 -28 -34 0
-2 -4 -28 -35 0
-2 -4 -30 -31 0
-2 -4 -30 -32 0
-2 -4 -30 -33 0
-2 -4 -30 -34 0
-2 -4 -30 -35 0
-2 -4 -31 -32 0
-2 -4 -31 -33 0
-2 -4 -31 -34 0
-2 -4 -31 -35 0
-2 -4 -32 -33 0
-2 -4 -32 -34 0
-2 -4 -32 -35 0
-2 -4 -33 -34 0
-2 -4 -33 -35 0
-2 -4 -34 -35 0
-2 -6 -8 -10 0
-2 -6 -8 -12 0
-2 -6 -8 -14 0
-2 -6 -8 -16 0
-2 -6 -8 -18 0
-2 -6 -8 -20 0
-2 -6 -8 -22 0
-2 -6 -8 -24 0
-2 -6 -8 -26 0
-2 -6 -8 -28 0
-2 -6 -8 -30 0
-2 -6 -8 -31 0
-2 -6 -8 -32 0
-2 -6 -8 -33 0
-2 -6 -8 -34 0
-2 -6 -8 -35 0
-2 -6 -10 -12 0
-2 -6 -10 -14 0
-2 -6 -10 -16 0
-2 -6 -10 -18 0
-2 -6 -10 -20 0
-2 -6 -10 -22 0
-2 -6 -10 -24 0
-2 -6 -10 -26 0
-2 -6 -10 -28 0
-2 -6 -10 -30 0
-2 -6 -10 -31 0
-2 -6 -10 -32 0
-2 -6 -10 -33 0
-2 -6 -10 -34 0
-2 -6 -10 -35 0
-2 -6 -12 -14 0
-2 -6 -12 -16 0
-2 -6 -12 -18 0
-2 -6 -12 -20 0
-2 -6 -12 -22 0
-2 -6 -12 -24 0
-2 -6 -12 -26 0
-2 -6 -12 -28 0
-2 -6 -12 -30 0
-2 -6 -12 -31 0
-2 -6 -12 -32 0
-2 -6 -12 -33 0
-2 -6 -12 -34 0
-2 -6 -12 -35 0
-2 -6 -14 -16 0
-2 -6 -14 -18 0
-2 -6 -14 -20 0
-2 -6 -14 -22 0
-2 -6 -14 -24 0
-2 -6 -14 -26 0
-2 -6 -14 -28 0
-2 -6 -14 -30 0
-2 -6 -14 -31 0
-2 -6 -14 -32 0
-2 -6 -14 -33 0
-2 -6 -14 -34 0
-2 -6 -14 -35 0
-2 -6 -16 -18 0
-2 -6 -16 -20 0
-2 -6 -16 -22 0
-2 -6 -16 -24 0
-2 -6 -16 -26 0
-2 -6 -16 -28 0
-2 -6 -16 -30 0
-2 -6 -16 -31 0
-2 -6 -16 -32 0
-2 -6 -16 -33 0
-2 -6 -16 -34 0
-2 -6 -16 -35 0
-2 -6 -18 -20 0
-2 -6 -18 -22 0
-2 -6 -18 -24 0
-2 -6 -18 -26 0
-2 -6 -18 -28 0
-2 -6 -18 -30 0
-2 -6 -18 -31 0
-2 -6 -18 -32 0
-2 -6 -18 -33 0
-2 -6 -18 -34 0
-2 -6 -18 -35 0
-2 -6 -20 -22 0
-2 -6 -20 -24 0
-2 -6 -20 -26 0
-2 -6 -20 -28 0
-2 -6 -20 -30 0
-2 -6 -20 -31 0
-2 -6 -20 -32 0
-2 -6 -20 -33 0
-2 -6 -20 -34 0
-2 -6 -20 -35 0
-2 -6 -22 -24 0
-2 -6 -22 -26 0
-2 -6 -22 -28 0
-2 -6 -22 -30 0
-2 -6 -22 -31 0
-2 -6 -22 -32 0
-2 -6 -22 -33 0
-2 -6 -22 -34 0
-2 -6 -22 -35 0
-2 -6 -24 -26 0
-2 -6 -24 -28 0
-2 -6 -24 -30 0
-2 -6 -24 -31 0
-2 -6 -24 -32 0
-2 -6 -24 -33 0
-2 -6 -24 -34 0
-2 -6 -24 -35 0
-2 -6 -26 -28 0
-2 -6 -26 -30 0
-2 -6 -26 -31 0
-2 -6 -26 -32 0
-2 -6 -26 -33 0
-2 -6 -26 -34 0
-2 -6 -26 -35 0
-2 -6 -28 -30 0
-2 -6 -28 -31 0
-2 -6 -28 -32 0
-2 -6 -28 -33 0
-2 -6 -28 -34 0
-2 -6 -28 -35 0
-2 -6 -30 -31 0
-2 -6 -30 -32 0
-2 -6 -30 -33 0
-2 -6 -30 -34 0
-2 -6 -30 -35 0
-2 -6 -31 -32 0
-2 -6 -31 -33 0
-2 -6 -31 -34 0
-2 -6 -31 -35 0
-2 -6 -32 -33 0
-2 -6 -32 -34 0
-2 -6 -32 -35 0
-2 -6 -33 -34 0
-2 -6 -33 -35 0
-2 -6 -34 -35 0
-2 -8 -10 -12 0
-2 -8 -10 -14 0
-2 -8 -10 -16 0
-2 -8 -10 -18 0
-2 -8 -10 -20 0
-2 -8 -10 -22 0
-2 -8 -10 -24 0
-2 -8 -10 -26 0
-2 -8 -10 -28 0
-2 -8 -10 -30 0
-2 -8 -10 -31 0
-2 -8 -10 -32 0
-2 -8 -10 -33 0
-2 -8 -10 -34 0
-2 -8 -10 -35 0
-2 -8 -12 -14 0
-2 -8 -12 -16 0
-2 -8 -12 -18 0
-2 -8 -12 -20 0
-2 -8 -12 -22 0
-2 -8 -12 -24 0
-2 -8 -12 -26 0
-2 -8 -12 -28 0
-2 -8 -12 -30 0
-2 -8 -12 -31 0
-2 -8 -12 -32 0
-2 -8 -12 -33 0
-2 -8 -12 -34 0
-2 -8 -12 -35 0
-2 -8 -14 -16 0
-2 -8 -14 -18 0
-2 -8 -14 -20 0
-2 -8 -14 -22 0
-2 -8 -14 -24 0
-2 -8 -14 -26 0
-2 -8 -14 -28 0
-2 -8 -14 -30 0
-2 -8 -14 -31 0
-2 -8 -14 -32 0
-2 -8 -14 -33 0
-2 -8 -14 -34 0
-2 -8 -14 -35 0
-2 -8 -16 -18 0
-2 -8 -16 -20 0
-2 -8 -16 -22 0
-2 -8 -16 -24 0
-2 -8 -16 -26 0
-2 -8 -16 -28 0
-2 -8 -16 -30 0
-2 -8 -16 -31 0
-2 -8 -16 -32 0
-2 -8 -16 -33 0
-2 -8 -16 -34 0
-2 -8 -16 -35 0
-2 -8 -18 -20 0
-2 -8 -18 -22 0
-2 -8 -18 -24 0
-2 -8 -18 -26 0
-2 -8 -18 -28 0
-2 -8 -18 -30 0
-2 -8 -18 -31 0
-2 -8 -18 -32 0
-2 -8 -18 -33 0
-2 -8 -18 -34 0
-2 -8 -18 -35 0
-2 -8 -20 -22 0
-2 -8 -20 -24 0
-2 -8 -20 -26 0
-2 -8 -20 -28 0
-2 -8 -20 -30 0
-2 -8 -20 -31 0
-2 -8 -20 -32 0
-2 -8 -20 -33 0
-2 -8 -20 -34 0
-2 -8 -20 -35 0
-2 -8 -22 -24 0
-2 -8 -22 -26 0
-2 -8 -22 -28 0
-2 -8 -22 -30 0
-2 -8 -22 -31 0
-2 -8 -22 -32 0
-2 -8 -22 -33 0
-2 -8 -22 -34 0
-2 -8 -22 -35 0
-2 -8 -24 -26 0
-2 -8 -24 -28 0
-2 -8 -24 -30 0
-2 -8 -24 -31 0
-2 -8 -24 -32 0
-2 -8 -24 -33 0
-2 -8 -24 -34 0
-2 -8 -24 -35 0
-2 -8 -26 -28 0
-2 -8 -26 -30 0
-2 -8 -26 -31 0
-2 -8 -26 -32 0
-2 -8 -26 -33 0
-2 -8 -26 -34 0
-2 -8 -26 -35 0
-2 -8 -28 -30 0
-2 -8 -28 -31 0
-2 -8 -28 -32 0
-2 -8 -28 -33 0
-2 -8 -28 -34 0
-2 -8 -28 -35 0
-2 -8 -30 -31 0
-2 -8 -30 -32 0
-2 -8 -30 -33 0
-2 -8 -30 -34 0
-2 -8 -30 -35 0
-2 -8 -31 -32 0
-2 -8 -31 -33 0
-2 -8 -31 -34 0
-2 -8 -31 -35 0
-2 -8 -32 -33 0
-2 -8 -32 -34 0
-2 -8 -32 -35 0
-2 -8 -33 -34 0
-2 -8 -33 -35 0
-2 -8 -34 -35 0
-2 -10 -12 -14 0
-2 -10 -12 -16 0
-2 -10 -12 -18 0
-2 -10 -12 -20 0
-2 -10 -12 -22 0
-2 -10 -12 -24 0
-2 -10 -12 -26 0
-2 -10 -12 -28 0
-2 -10 -12 -30 0
-2 -10 -12 -31 0
-2 -10 -12 -32 0
-2 -10 -12 -33 0
-2 -10 -12 -34 0
-2 -10 -12 -35 0
-2 -10 -14 -16 0
-2 -10 -14 -18 0
-2 -10 -14 -20 0
-2 -10 -14 -22 0
-2 -10 -14 -24 0
-2 -10 -14 -26 0
-2 -10 -14 -28 0
-2 -10 -14 -30 0
-2 -10 -14 -31 0
-2 -10 -14 -32 0
-2 -10 -14 -33 0
-2 -10 -14 -34 0
-2 -10 -14 -35 0
-2 -10 -16 -18 0
-2 -10 -16 -20 0
-2 -10 -16 -22 0
-2 -10 -16 -24 0
-2 -10 -16 -26 0
-2 -10 -16 -28 0
-2 -10 -16 -30 0
-2 -10 -16 -31 0
-2 -10 -16 -32 0
-2 -10 -16 -33 0
-2 -10 -16 -34 0
-2 -10 -16 -35 0
-2 -10 -18 -20 0
-2 -10 -18 -22 0
-2 -10 -18 -24 0
-2 -10 -18 -26 0
-2 -10 -18 -28 0
-2 -10 -18 -30 0
-2 -10 -18 -31 0
-2 -10 -18 -32 0
-2 -10 -18 -33 0
-2 -10 -18 -34 0
-2 -10 -18 -35 0
-2 -10 -20 -22 0
-2 -10 -20 -24 0
-2 -10 -20 -26 0
-2 -10 -20 -28 0
-2 -10 -20 -30 0
-2 -10 -20 -31 0
-2 -10 -20 -32 0
-2 -10 -20 -33 0
-2 -10 -20 -34 0
-2 -10 -20 -35 0
-2 -10 -22 -24 0
-2 -10 -22 -26 0
-2 -10 -22 -28 0
-2 -10 -22 -30 0
-2 -10 -22 -31 0
-2 -10 -22 -32 0
-2 -10 -22 -33 0
-2 -10 -22 -34 0
-2 -10 -22 -35 0
-2 -10 -24 -26 0
-2 -10 -24 -28 0
-2 -10 -24 -30 0
-2 -10 -24 -31 0
-2 -10 -24 -32 0
-2 -10 -24 -33 0
-2 -10 -24 -34 0
-2 -10 -24 -35 0
-2 -10 -26 -28 0
-2 -10 -26 -30 0
-2 -10 -26 -31 0
-2 -10 -26 -32 0
-2 -10 -26 -33 0
-2 -10 -26 -34 0
-2 -10 -26 -35 0
-2 -10 -28 -30 0
-2 -10 -28 -31 0
-2 -10 -28 -32 0
-2 -10 -28 -33 0
-2 -10 -28 -34 0
-2 -10 -28 -35 0
-2 -10 -30 -31 0
-2 -10 -30 -32 0
-2 -10 -30 -33 0
-2 -10 -30 -34 0
-2 -10 -30 -35 0
-2 -10 -31 -32 0
-2 -10 -31 -33 0
-2 -10 -31 -34 0
-2 -10 -31 -35 0
-2 -10 -32 -33 0
-2 -10 -32 -34 0
-2 -10 -32 -35 0
-2 -10 -33 -34 0
-2 -10 -33 -35 0
-2 -10 -34 -35 0
-2 -12 -14 -16 0
-2 -12 -14 -18 0
-2 -12 -14 -20 0
-2 -12 -14 -22 0
-2 -12 -14 -24 0
-2 -12 -14 -26 0
-2 -12 -14 -28 0
-2 -12 -14 -30 0
-2 -12 -14 -31 0
-2 -12 -14 -32 0
-2 -12 -14 -33 0
-2 -12 -14 -34 0
-2 -12 -14 -35 0
-2 -12 -16 -18 0
-2 -12 -16 -20 0
-2 -12 -16 -22 0
-2 -12 -16 -24 0
-2 -12 -16 -26 0
-2 -12 -16 -28 0
-2 -12 -16 -30 0
-2 -12 -16 -31 0
-2 -12 -16 -32 0
-2 -12 -16 -33 0
-2 -12 -16 -34 0
-2 -12 -16 -35 0
-2 -12 -18 -20 0
-2 -12 -18 -22 0
-2 -12 -18 -24 0
-2 -12 -18 -26 0
-2 -12 -18 -28 0
-2 -12 -18 -30 0
-2 -12 -18 -31 0
-2 -12 -18 -32 0
-2 -12 -18 -33 0
-2 -12 -18 -34 0
-2 -12 -18 -35 0
-2 -12 -20 -22 0
-2 -12 -20 -24 0
-2 -12 -20 -26 0
-2 -12 -20 -28 0
-2 -12 -20 -30 0
-2 -12 -20 -31 0
-2 -12 -20 -32 0
-2 -12 -20 -33 0
-2 -12 -20 -34 0
-2 -12 -20 -35 0
-2 -12 -22 -24 0
-2 -12 -22 -26 0
-2 -12 -22 -28 0
-2 -12 -22 -30 0
-2 -12 -22 -31 0
-2 -12 -22 -32 0
-2 -12 -22 -33 0
-2 -12 -22 -34 0
-2 -12 -22 -35 0
-2 -12 -24 -26 0
-2 -12 -24 -28 0
-2 -12 -24 -30 0
-2 -12 -24 -31 0
-2 -12 -24 -32 0
-2 -12 -24 -33 0
-2 -12 -24 -34 0
-2 -12 -24 -35 0
-2 -12 -26 -28 0
-2 -12 -26 -30 0
-2 -12 -26 -31 0
-2 -12 -26 -32 0
-2 -12 -26 -33 0
-2 -12 -26 -34 0
-2 -12 -26 -35 0
-2 -12 -28 -30 0
-2 -12 -28 -31 0
-2 -12 -28 -32 0
-2 -12 -28 -33 0
-2 -12 -28 -34 0
-2 -12 -28 -35 0
-2 -12 -30 -31 0
-2 -12 -30 -32 0
-2 -12 -30 -33 0
-2 -12 -30 -34 0
-2 -12 -30 -35 0
-2 -12 -31 -32 0
-2 -12 -31 -33 0
-2 -12 -31 -34 0
-2 -12 -31 -35 0
-2 -12 -32 -33 0
-2 -12 -32 -34 0
-2 -12 -32 -35 0
-2 -12 -33 -34 0
-2 -12 -33 -35 0
-2 -12 -34 -35 0
-2 -14 -16 -18 0
-2 -14 -16 -20 0
-2 -14 -16 -22 0
-2 -14 -16 -24 0
-2 -14 -16 -26 0
-2 -14 -16 -28 0
-2 -14 -16 -30 0
-2 -14 -16 -31 0
-2 -14 -16 -32 0
-2 -14 -16 -33 0
-2 -14 -16 -34 0
-2 -14 -16 -35 0
-2 -14 -18 -20 0
-2 -14 -18 -22 0
-2 -14 -18 -24 0
-2 -14 -18 -26 0
-2 -14 -18 -28 0
-2 -14 -18 -30 0
-2 -14 -18 -31 0
-2 -14 -18 -32 0
-2 -14 -18 -33 0
-2 -14 -18 -34 0
-2 -14 -18 -35 0
-2 -14 -20 -22 0
-2 -14 -20 -24 0
-2 -14 -20 -26 0
-2 -14 -20 -28 0
-2 -14 -20 -30 0
-2 -14 -20 -31 0
-2 -14 -20 -32 0
-2 -14 -20 -33 0
-2 -14 -20 -34 0
-2 -14 -20 -35 0
-2 -14 -22 -24 0
-2 -14 -22 -26 0
-2 -14 -22 -28 0
-2 -14 -22 -30 0
-2 -14 -22 -31 0
-2 -14 -22 -32 0
-2 -14 -22 -33 0
-2 -14 -22 -34 0
-2 -14 -22 -35 0
-2 -14 -24 -26 0
-2 -14 -24 -28 0
-2 -14 -24 -30 0
-2 -14 -24 -31 0
-2 -14 -24 -32 0
-2 -14 -24 -33 0
-2 -14 -24 -34 0
-2 -14 -24 -35 0
-2 -14 -26 -28 0
-2 -14 -26 -30 0
-2 -14 -26 -31 0
-2 -14 -26 -32 0
-2 -14 -26 -33 0
-2 -14 -26 -34 0
-2 -14 -26 -35 0
-2 -14 -28 -30 0
-2 -14 -28 -31 0
-2 -14 -28 -32 0
-2 -14 -28 -33 0
-2 -14 -28 -34 0
-2 -14 -28 -35 0
-2 -14 -30 -31 0
-2 -14 -30 -32 0
-2 -14 -30 -33 0
-2 -14 -30 -34 0
-2 -14 -30 -35 0
-2 -14 -31 -32 0
-2 -14 -31 -33 0
-2 -14 -31 -34 0
-2 -14 -31 -35 0
-2 -14 -32 -33 0
-2 -14 -32 -34 0
-2 -14 -32 -35 0
-2 -14 -33 -34 0
-2 -14 -33 -35 0
-2 -14 -34 -35 0
-2 -16 -18 -20 0
-2 -16 -18 -22 0
-2 -16 -18 -24 0
-2 -16 -18 -26 0
-2 -16 -18 -28 0
-2 -16 -18 -30 0
-2 -16 -18 -31 0
-2 -16 -18 -32 0
-2 -16 -18 -33 0
-2 -16 -18 -34 0
-2 -16 -18 -35 0
-2 -16 -20 -22 0
-2 -16 -20 -24 0
-2 -16 -20 -26 0
-2 -16 -20 -28 0
-2 -16 -20 -30 0
-2 -16 -20 -31 0
-2 -16 -20 -32 0
-2 -16 -20 -33 0
-2 -16 -20 -34 0
-2 -16 -20 -35 0
-2 -16 -22 -24 0
-2 -16 -22 -26 0
-2 -16 -22 -28 0
-2 -16 -22 -30 0
-2 -16 -22 -31 0
-2 -16 -22 -32 0
-2 -16 -22 -33 0
-2 -16 -22 -34 0
-2 -16 -22 -35 0
-2 -16 -24 -26 0
-2 -16 -24 -28 0
-2 -16 -24 -30 0
-2 -16 -24 -31 0
-2 -16 -24 -32 0
-2 -16 -24 -33 0
-2 -16 -24 -34 0
-2 -16 -24 -35 0
-2 -16 -26 -28 0
-2 -16 -26 -30 0
-2 -16 -26 -31 0
-2 -16 -26 -32 0
-2 -16 -26 -33 0
-2 -16 -26 -34 0
-2 -16 -26 -35 0
-2 -16 -28 -30 0
-2 -16 -28 -31 0
-2 -16 -28 -32 0
-2 -16 -28 -33 0
-2 -16 -28 -34 0
-2 -16 -28 -35 0
-2 -16 -30 -31 0
-2 -16 -30 -32 0
-2 -16 -30 -33 0
-2 -16 -30 -34 0
-2 -16 -30 -35 0
-2 -16 -31 -32 0
-2 -16 -31 -33 0
-2 -16 -31 -34 0
-2 -16 -31 -35 0
-2 -16 -32 -33 0
-2 -16 -32 -34 0
-2 -16 -32 -35 0
-2 -16 -33 -34 0
-2 -16 -33 -35 0
-2 -16 -34 -35 0
-2 -18 -20 -22 0
-2 -18 -20 -24 0
-2 -18 -20 -26 0
-2 -18 -20 -28 0
-2 -18 -20 -30 0
-2 -18 -20 -31 0
-2 -18 -20 -32 0
-2 -18 -20 -33 0
-2 -18 -20 -34 0
-2 -18 -20 -35 0
-2 -18 -22 -24 0
-2 -18 -22 -26 0
-2 -18 -22 -28 0
-2 -18 -22 -30 0
-2 -18 -22 -31 0
-2 -18 -22 -32 0
-2 -18 -22 -33 0
-2 -18 -22 -34 0
-2 -18 -22 -35 0
-2 -18 -24 -26 0
-2 -18 -24 -28 0
-2 -18 -24 -30 0
-2 -18 -24 -31 0
-2 -18 -24 -32 0
-2 -18 -24 -33 0
-2 -18 -24 -34 0
-2 -18 -24 -35 0
-2 -18 -26 -28 0
-2 -18 -26 -30 0
-2 -18 -26 -31 0
-2 -18 -26 -32 0
-2 -18 -26 -33 0
-2 -18 -26 -34 0
-2 -18 -26 -35 0
-2 -18 -28 -30 0
-2 -18 -28 -31 0
-2 -18 -28 -32 0
-2 -18 -28 -33 0
-2 -18 -28 -34 0
-2 -18 -28 -35 0
-2 -18 -30 -31 0
-2 -18 -30 -32 0
-2 -18 -30 -33 0
-2 -18 -30 -34 0
-2 -18 -30 -35 0
-2 -18 -31 -32 0
-2 -18 -31 -33 0
-2 -18 -31 -34 0
-2 -18 -31 -35 0
-2 -18 -32 -33 0
-2 -18 -32 -34 0
-2 -18 -32 -35 0
-2 -18 -33 -34 0
-2 -18 -33 -35 0
-2 -18 -34 -35 0
-2 -20 -22 -24 0
-2 -20 -22 -26 0
-2 -20 -22 -28 0
-2 -20 -22 -30 0
-2 -20 -22 -31 0
-2 -20 -22 -32 0
-2 -20 -22 -33 0
-2 -20 -22 -34 0
-2 -20 -22 -35 0
-2 -20 -24 -26 0
-2 -20 -24 -28 0
-2 -20 -24 -30 0
-2 -20 -24 -31 0
-2 -20 -24 -32 0
-2 -20 -24 -33 0
-2 -20 -24 -34 0
-2 -20 -24 -35 0
-2 -20 -26 -28 0
-2 -20 -26 -30 0
-2 -20 -26 -31 0
-2 -20 -26 -32 0
-2 -20 -26 -33 0
-2 -20 -26 -34 0
-2 -20 -26 -35 0
-2 -20 -28 -30 0
-2 -20 -28 -31 0
-2 -20 -28 -32 0
-2 -20 -28 -33 0
-2 -20 -28 -34 0
-2 -20 -28 -35 0
-2 -20 -30 -31 0
-2 -20 -30 -32 0
-2 -20 -30 -33 0
-2 -20 -30 -34 0
-2 -20 -30 -35 0
-2 -20 -31 -32 0
-2 -20 -31 -33 0
-2 -20 -31 -34 0
-2 -20 -31 -35 0
-2 -20 -32 -33 0
-2 -20 -32 -34 0
-2 -20 -32 -35 0
-2 -20 -33 -34 0
-2 -20 -33 -35 0
-2 -20 -34 -35 0
-2 -22 -24 -26 0
-2 -22 -24 -28 0
-2 -22 -24 -30 0
-2 -22 -24 -31 0
-2 -22 -24 -32 0
-2 -22 -24 -33 0
-2 -22 -24 -34 0
-2 -22 -24 -35 0
-2 -22 -26 -28 0
-2 -22 -26 -30 0
-2 -22 -26 -31 0
-2 -22 -26 -32 0
-2 -22 -26 -33 0
-2 -22 -26 -34 0
-2 -22 -26 -35 0
-2 -22 -28 -30 0
-2 -22 -28 -31 0
-2 -22 -28 -32 0
-2 -22 -28 -33 0
-2 -22 -28 -34 0
-2 -22 -28 -35 0
-2 -22 -30 -31 0
-2 -22 -30 -32 0
-2 -22 -30 -33 0
-2 -22 -30 -34 0
-2 -22 -30 -35 0
-2 -22 -31 -32 0
-2 -22 -31 -33 0
-2 -22 -31 -34 0
-2 -22 -31 -35 0
-2 -22 -32 -33 0
-2 -22 -32 -34 0
-2 -22 -32 -35 0
-2 -22 -33 -34 0
-2 -22 -33 -35 0
-2 -22 -34 -35 0
-2 -24 -26 -28 0
-2 -24 -26 -30 0
-2 -24 -26 -31 0
-2 -24 -26 -32 0
-2 -24 -26 -33 0
-2 -24 -26 -34 0
-2 -24 -26 -35 0
-2 -24 -28 -30 0
-2 -24 -28 -31 0
-2 -24 -28 -32 0
-2 -24 -28 -33 0
-2 -24 -28 -34 0
-2 -24 -28 -35 0
-2 -24 -30 -31 0
-2 -24 -30 -32 0
-2 -24 -30 -33 0
-2 -24 -30 -34 0
-2 -24 -30 -35 0
-2 -24 -31 -32 0
-2 -24 -31 -33 0
-2 -24 -31 -34 0
-2 -24 -31 -35 0
-2 -24 -32 -33 0
-2 -24 -32 -34 0
-2 -24 -32 -35 0
-2 -24 -33 -34 0
-2 -24 -33 -35 0
-2 -24 -34 -35 0
-2 -26 -28 -30 0
-2 -26 -28 -31 0
-2 -26 -28 -32 0
-2 -26 -28 -33 0
-2 -26 -28 -34 0
-2 -26 -28 -35 0
-2 -26 -30 -31 0
-2 -26 -30 -32 0
-2 -26 -30 -33 0
-2 -26 -30 -34 0
-2 -26 -30 -35 0
-2 -26 -31 -32 0
-2 -26 -31 -33 0
-2 -26 -31 -34 0
-2 -26 -31 -35 0
-2 -26 -32 -33 0
-2 -26 -32 -34 0
-2 -26 -32 -35 0
-2 -26 -33 -34 0
-2 -26 -33 -35 0
-2 -26 -34 -35 0
-2 -28 -30 -31 0
-2 -28 -30 -32 0
-2 -28 -30 -33 0
-2 -28 -30 -34 0
-2 -28 -30 -35 0
-2 -28 -31 -32 0
-2 -28 -31 -33 0
-2 -28 -31 -34 0
-2 -28 -31 -35 0
-2 -28 -32 -33 0
-2 -28 -32 -34 0
-2 -28 -32 -35 0
-2 -28 -33 -34 0
-2 -28 -33 -35 0
-2 -28 -34 -35 0
-2 -30 -31 -32 0
-2 -30 -31 -33 0
-2 -30 -31 -34 0
-2 -30 -31 -35 0
-2 -30 -32 -33 0
-2 -30 -32 -34 0
-2 -30 -32 -35 0
-2 -30 -33 -34 0
-2 -30 -33 -35 0
-2 -30 -34 -35 0
-2 -31 -32 -33 0
-2 -31 -32 -34 0
-2 -31 -32 -35 0
-2 -31 -33 -34 0
-2 -31 -33 -35 0
-2 -31 -34 -35 0
-2 -32 -33 -34 0
-2 -32 -33 -35 0
-2 -32 -34 -35 0
-2 -33 -34 -35 0
-4 -6 -8 -10 0
-4 -6 -8 -12 0
-4 -6 -8 -14 0
-4 -6 -8 -16 0
-4 -6 -8 -18 0
-4 -6 -8 -20 0
-4 -6 -8 -22 0
-4 -6 -8 -24 0
-4 -6 -8 -26 0
-4 -6 -8 -28 0
-4 -6 -8 -30 0
-4 -6 -8 -31 0
-4 -6 -8 -32 0
-4 -6 -8 -33 0
-4 -6 -8 -34 0
-4 -6 -8 -35 0
-4 -6 -10 -12 0
-4 -6 -10 -14 0
-4 -6 -10 -16 0
-4 -6 -10 -18 0
-4 -6 -10 -20 0
-4 -6 -10 -22 0
-4 -6 -10 -24 0
-4 -6 -10 -26 0
-4 -6 -10 -28 0
-4 -6 -10 -30 0
-4 -6 -10 -31 0
-4 -6 -10 -32 0
-4 -6 -10 -33 0
-4 -6 -10 -34 0
-4 -6 -10 -35 0
-4 -6 -12 -14 0
-4 -6 -12 -16 0
-4 -6 -12 -18 0
-4 -6 -12 -20 0
-4 -6 -12 -22 0
-4 -6 -12 -24 0
-4 -6 -12 -26 0
-4 -6 -12 -28 0
-4 -6 -12 -30 0
-4 -6 -12 -31 0
-4 -6 -12 -32 0
-4 -6 -12 -33 0
-4 -6 -12 -34 0
-4 -6 -12 -35 0
-4 -6 -14 -16 0
-4 -6 -14 -18 0
-4 -6 -14 -20 0
-4 -6 -14 -22 0
-4 -6 -14 -24 0
-4 -6 -14 -26 0
-4 -6 -14 -28 0
-4 -6 -14 -30 0
-4 -6 -14 -31 0
-4 -6 -14 -32 0
-4 -6 -14 -33 0
-4 -6 -14 -34 0
-4 -6 -14 -35 0
-4 -6 -16 -18 0
-4 -6 -16 -20 0
-4 -6 -16 -22 0
-4 -6 -16 -24 0
-4 -6 -16 -26 0
-4 -6 -16 -28 0
-4 -6 -16 -30 0
-4 -6 -16 -31 0
-4 -6 -16 -32 0
-4 -6 -16 -33 0
-4 -6 -16 -34 0
-4 -6 -16 -35 0
-4 -6 -18 -20 0
-4 -6 -18 -22 0
-4 -6 -18 -24 0
-4 -6 -18 -26 0
-4 -6 -18 -28 0
-4 -6 -18 -30 0
-4 -6 -18 -31 0
-4 -6 -18 -32 0
-4 -6 -18 -33 0
-4 -6 -18 -34 0
-4 -6 -18 -35 0
-4 -6 -20 -22 0
-4 -6 -20 -24 0
-4 -6 -20 -26 0
-4 -6 -20 -28 0
-4 -6 -20 -30 0
-4 -6 -20 -31 0
-4 -6 -20 -32 0
-4 -6 -20 -33 0
-4 -6 -20 -34 0
-4 -6 -20 -35 0
-4 -6 -22 -24 0
-4 -6 -22 -26 0
-4 -6 -22 -28 0
-4 -6 -22 -30 0
-4 -6 -22 -31 0
-4 -6 -22 -32 0
-4 -6 -22 -33 0
-4 -6 -22 -34 0
-4 -6 -22 -35 0
-4 -6 -24 -26 0
-4 -6 -24 -28 0
-4 -6 -24 -30 0
-4 -6 -24 -31 0
-4 -6 -24 -32 0
-4 -6 -24 -33 0
-4 -6 -24 -34 0
-4 -6 -24 -35 0
-4 -6 -26 -28 0
-4 -6 -26 -30 0
-4 -6 -26 -31 0
-4 -6 -26 -32 0
-4 -6 -26 -33 0
-4 -6 -26 -34 0
-4 -6 -26 -35 0
-4 -6 -28 -30 0
-4 -6 -28 -31 0
-4 -6 -28 -32 0
-4 -6 -28 -33 0
-4 -6 -28 -34 0
-4 -6 -28 -35 0
-4 -6 -30 -31 0
-4 -6 -30 -32 0
-4 -6 -30 -33 0
-4 -6 -30 -34 0
-4 -6 -30 -35 0
-4 -6 -31 -32 0
-4 -6 -31 -33 0
-4 -6 -31 -34 0
-4 -6 -31 -35 0
-4 -6 -32 -33 0
-4 -6 -32 -34 0
-4 -6 -32 -35 0
-4 -6 -33 -34 0
-4 -6 -33 -35 0
-4 -6 -34 -35 0
-4 -8 -10 -12 0
-4 -8 -10 -14 0
-4 -8 -10 -16 0
-4 -8 -10 -18 0
-4 -8 -10 -20 0
-4 -8 -10 -22 0
-4 -8 -10 -24 0
-4 -8 -10 -26 0
-4 -8 -10 -28 0
-4 -8 -10 -30 0
-4 -8 -10 -31 0
-4 -8 -10 -32 0
-4 -8 -10 -33 0
-4 -8 -10 -34 0
-4 -8 -10 -35 0
-4 -8 -12 -14 0
-4 -8 -12 -16 0
-4 -8 -12 -18 0
-4 -8 -12 -20 0
-4 -8 -12 -22 0
-4 -8 -12 -24 0
-4 -8 -12 -26 0
-4 -8 -12 -28 0
-4 -8 -12 -30 0
-4 -8 -12 -31 0
-4 -8 -12 -32 0
-4 -8 -12 -33 0
-4 -8 -12 -34 0
-4 -8 -12 -35 0
-4 -8 -14 -16 0
-4 -8 -14 -18 0
-4 -8 -14 -20 0
-4 -8 -14 -22 0
-4 -8 -14 -24 0
-4 -8 -14 -26 0
-4 -8 -14 -28 0
-4 -8 -14 -30 0
-4 -8 -14 -31 0
-4 -8 -14 -32 0
-4 -8 -14 -33 0
-4 -8 -14 -34 0
-4 -8 -14 -35 0
-4 -8 -16 -18 0
-4 -8 -16 -20 0
-4 -8 -16 -22 0
-4 -8 -16 -24 0
-4 -8 -16 -26 0
-4 -8 -16 -28 0
-4 -8 -16 -30 0
-4 -8 -16 -31 0
-4 -8 -16 -32 0
-4 -8 -16 -33 0
-4 -8 -16 -34 0
-4 -8 -16 -35 0
-4 -8 -18 -20 0
-4 -8 -18 -22 0
-4 -8 -18 -24 0
-4 -8 -18 -26 0
-4 -8 -18 -28 0
-4 -8 -18 -30 0
-4 -8 -18 -31 0
-4 -8 -18 -32 0
-4 -8 -18 -33 0
-4 -8 -18 -34 0
-4 -8 -18 -35 0
-4 -8 -20 -22 0
-4 -8 -20 -24 0
-4 -8 -20 -26 0
-4 -8 -20 -28 0
-4 -8 -20 -30 0
-4 -8 -20 -31 0
-4 -8 -20 -32 0
-4 -8 -20 -33 0
-4 -8 -20 -34 0
-4 -8 -20 -35 0
-4 -8 -22 -24 0
-4 -8 -22 -26 0
-4 -8 -22 -28 0
-4 -8 -22 -30 0
-4 -8 -22 -31 0
-4 -8 -22 -32 0
-4 -8 -22 -33 0
-4 -8 -22 -34 0
-4 -8 -22 -35 0
-4 -8 -24 -26 0
-4 -8 -24 -28 0
-4 -8 -24 -30 0
-4 -8 -24 -31 0
-4 -8 -24 -32 0
-4 -8 -24 -33 0
-4 -8 -24 -34 0
-4 -8 -24 -35 0
-4 -8 -26 -28 0
-4 -8 -26 -30 0
-4 -8 -26 -31 0
-4 -8 -26 -32 0
-4 -8 -26 -33 0
-4 -8 -26 -34 0
-4 -8 -26 -35 0
-4 -8 -28 -30 0
-4 -8 -28 -31 0
-4 -8 -28 -32 0
-4 -8 -28 -33 0
-4 -8 -28 -34 0
-4 -8 -28 -35 0
-4 -8 -30 -31 0
-4 -8 -30 -32 0
-4 -8 -30 -33 0
-4 -8 -30 -34 0
-4 -8 -30 -35 0
-4 -8 -31 -32 0
-4 -8 -31 -33 0
-4 -8 -31 -34 0
-4 -8 -31 -35 0
-4 -8 -32 -33 0
-4 -8 -32 -34 0
-4 -8 -32 -35 0
-4 -8 -33 -34 0
-4 -8 -33 -35 0
-4 -8 -34 -35 0
-4 -10 -12 -14 0
-4 -10 -12 -16 0
-4 -10 -12 -18 0
-4 -10 -12 -20 0
-4 -10 -12 -22 0
-4 -10 -12 -24 0
-4 -10 -12 -26 0
-4 -10 -12 -28 0
-4 -10 -12 -30 0
-4 -10 -12 -31 0
-4 -10 -12 -32 0
-4 -10 -12 -33 0
-4 -10 -12 -34 0
-4 -10 -12 -35 0
-4 -10 -14 -16 0
-4 -10 -14 -18 0
-4 -10 -14 -20 0
-4 -10 -14 -22 0
-4 -10 -14 -24 0
-4 -10 -14 -26 0
-4 -10 -14 -28 0
-4 -10 -14 -30 0
-4 -10 -14 -31 0
-4 -10 -14 -32 0
-4 -10 -14 -33 0
-4 -10 -14 -34 0
-4 -10 -14 -35 0
-4 -10 -16 -18 0
-4 -10 -16 -20 0
-4 -10 -16 -22 0
-4 -10 -16 -24 0
-4 -10 -16 -26 0
-4 -10 -16 -28 0
-4 -10 -16 -30 0
-4 -10 -16 -31 0
-4 -10 -16 -32 0
-4 -10 -16 -33 0
-4 -10 -16 -34 0
-4 -10 -16 -35 0
-4 -10 -18 -20 0
-4 -10 -18 -22 0
-4 -10 -18 -24 0
-4 -10 -18 -26 0
-4 -10 -18 -28 0
-4 -10 -18 -30 0
-4 -10 -18 -31 0
-4 -10 -18 -32 0
-4 -10 -18 -33 0
-4 -10 -18 -34 0
-4 -10 -18 -35 0
-4 -10 -20 -22 0
-4 -10 -20 -24 0
-4 -10 -20 -26 0
-4 -10 -20 -28 0
-4 -10 -20 -30 0
-4 -10 -20 -31 0
-4 -10 -20 -32 0
-4 -10 -20 -33 0
-4 -10 -20 -34 0
-4 -10 -20 -35 0
-4 -10 -22 -24 0
-4 -10 -22 -26 0
-4 -10 -22 -28 0
-4 -10 -22 -30 0
-4 -10 -22 -31 0
-4 -10 -22 -32 0
-4 -10 -22 -33 0
-4 -10 -22 -34 0
-4 -10 -22 -35 0
-4 -10 -24 -26 0
-4 -10 -24 -28 0
-4 -10 -24 -30 0
-4 -10 -24 -31 0
-4 -10 -24 -32 0
-4 -10 -24 -33 0
-4 -10 -24 -34 0
-4 -10 -24 -35 0
-4 -10 -26 -28 0
-4 -10 -26 -30 0
-4 -10 -26 -31 0
-4 -10 -26 -32 0
-4 -10 -26 -33 0
-4 -10 -26 -34 0
-4 -10 -26 -35 0
-4 -10 -28 -30 0
-4 -10 -28 -31 0
-4 -10 -28 -32 0
-4 -10 -28 -33 0
-4 -10 -28 -34 0
-4 -10 -28 -35 0
-4 -10 -30 -31 0
-4 -10 -30 -32 0
-4 -10 -30 -33 0
-4 -10 -30 -34 0
-4 -10 -30 -35 0
-4 -10 -31 -32 0
-4 -10 -31 -33 0
-4 -10 -31 -34 0
-4 -10 -31 -35 0
-4 -10 -32 -33 0
-4 -10 -32 -34 0
-4 -10 -32 -35 0
-4 -10 -33 -34 0
-4 -10 -33 -35 0
-4 -10 -34 -35 0
-4 -12 -14 -16 0
-4 -12 -14 -18 0
-4 -12 -14 -20 0
-4 -12 -14 -22 0
-4 -12 -14 -24 0
-4 -12 -14 -26 0
-4 -12 -14 -28 0
-4 -12 -14 -30 0
-4 -12 -14 -31 0
-4 -12 -14 -32 0
-4 -12 -14 -33 0
-4 -12 -14 -34 0
-4 -12 -14 -35 0
-4 -12 -16 -18 0
-4 -12 -16 -20 0
-4 -12 -16 -22 0
-4 -12 -16 -24 0
-4 -12 -16 -26 0
-4 -12 -16 -28 0
-4 -12 -16 -30 0
-4 -12 -16 -31 0
-4 -12 -16 -32 0
-4 -12 -16 -33 0
-4 -12 -16 -34 0
-4 -12 -16 -35 0
-4 -12 -18 -20 0
-4 -12 -18 -22 0
-4 -12 -18 -24 0
-4 -12 -18 -26 0
-4 -12 -18 -28 0
-4 -12 -18 -30 0
-4 -12 -18 -31 0
-4 -12 -18 -32 0
-4 -12 -18 -33 0
-4 -12 -18 -34 0
-4 -12 -18 -35 0
-4 -12 -20 -22 0
-4 -12 -20 -24 0
-4 -12 -20 -26 0
-4 -12 -20 -28 0
-4 -12 -20 -30 0
-4 -12 -20 -31 0
-4 -12 -20 -32 0
-4 -12 -20 -33 0
-4 -12 -20 -34 0
-4 -12 -20 -35 0
-4 -12 -22 -24 0
-4 -12 -22 -26 0
-4 -12 -22 -28 0
-4 -12 -22 -30 0
-4 -12 -22 -31 0
-4 -12 -22 -32 0
-4 -12 -22 -33 0
-4 -12 -22 -34 0
-4 -12 -22 -35 0
-4 -12 -24 -26 0
-4 -12 -24 -28 0
-4 -12 -24 -30 0
-4 -12 -24 -31 0
-4 -12 -24 -32 0
-4 -12 -24 -33 0
-4 -12 -24 -34 0
-4 -12 -24 -35 0
-4 -12 -26 -28 0
-4 -12 -26 -30 0
-4 -12 -26 -31 0
-4 -12 -26 -32 0
-4 -12 -26 -33 0
-4 -12 -26 -34 0
-4 -12 -26 -35 0
-4 -12 -28 -30 0
-4 -12 -28 -31 0
-4 -12 -28 -32 0
-4 -12 -28 -33 0
-4 -12 -28 -34 0
-4 -12 -28 -35 0
-4 -12 -30 -31 0
-4 -12 -30 -32 0
-4 -12 -30 -33 0
-4 -12 -30 -34 0
-4 -12 -30 -35 0
-4 -12 -31 -32 0
-4 -12 -31 -33 0
-4 -12 -31 -34 0
-4 -12 -31 -35 0
-4 -12 -32 -33 0
-4 -12 -32 -34 0
-4 -12 -32 -35 0
-4 -12 -33 -34 0
-4 -12 -33 -35 0
-4 -12 -34 -35 0
-4 -14 -16 -18 0
-4 -14 -16 -20 0
-4 -14 -16 -22 0
-4 -14 -16 -24 0
-4 -14 -16 -26 0
-4 -14 -16 -28 0
-4 -14 -16 -30 0
-4 -14 -16 -31 0
-4 -14 -16 -32 0
-4 -14 -16 -33 0
-4 -14 -16 -34 0
-4 -14 -16 -35 0
-4 -14 -18 -20 0
-4 -14 -18 -22 0
-4 -14 -18 -24 0
-4 -14 -18 -26 0
-4 -14 -18 -28 0
-4 -14 -18 -30 0
-4 -14 -18 -31 0
-4 -14 -18 -32 0
-4 -14 -18 -33 0
-4 -14 -18 -34 0
-4 -14 -18 -35 0
-4 -14 -20 -22 0
-4 -14 -20 -24 0
-4 -14 -20 -26 0
-4 -14 -20 -28 0
-4 -14 -20 -30 0
-4 -14 -20 -31 0
-4 -14 -20 -32 0
-4 -14 -20 -33 0
-4 -14 -20 -34 0
-4 -14 -20 -35 0
-4 -14 -22 -24 0
-4 -14 -22 -26 0
-4 -14 -22 -28 0
-4 -14 -22 -30 0
-4 -14 -22 -31 0
-4 -14 -22 -32 0
-4 -14 -22 -33 0
-4 -14 -22 -34 0
-4 -14 -22 -35 0
-4 -14 -24 -26 0
-4 -14 -24 -28 0
-4 -14 -24 -30 0
-4 -14 -24 -31 0
-4 -14 -24 -32 0
-4 -14 -24 -33 0
-4 -14 -24 -34 0
-4 -14 -24 -35 0
-4 -14 -26 -28 0
-4 -14 -26 -30 0
-4 -14 -26 -31 0
-4 -14 -26 -32 0
-4 -14 -26 -33 0
-4 -14 -26 -34 0
-4 -14 -26 -35 0
-4 -14 -28 -30 0
-4 -14 -28 -31 0
-4 -14 -28 -32 0
-4 -14 -28 -33 0
-4 -14 -28 -34 0
-4 -14 -28 -35 0
-4 -14 -30 -31 0
-4 -14 -30 -32 0
-4 -14 -30 -33 0
-4 -14 -30 -34 0
-4 -14 -30 -35 0
-4 -14 -31 -32 0
-4 -14 -31 -33 0
-4 -14 -31 -34 0
-4 -14 -31 -35 0
-4 -14 -32 -33 0
-4 -14 -32 -34 0
-4 -14 -32 -35 0
-4 -14 -33 -34 0
-4 -14 -33 -35 0
-4 -14 -34 -35 0
-4 -16 -18 -20 0
-4 -16 -18 -22 0
-4 -16 -18 -24 0
-4 -16 -18 -26 0
-4 -16 -18 -28 0
-4 -16 -18 -30 0
-4 -16 -18 -31 0
-4 -16 -18 -32 0
-4 -16 -18 -33 0
-4 -16 -18 -34 0
-4 -16 -18 -35 0
-4 -16 -20 -22 0
-4 -16 -20 -24 0
-4 -16 -20 -26 0
-4 -16 -20 -28 0
-4 -16 -20 -30 0
-4 -16 -20 -31 0
-4 -16 -20 -32 0
-4 -16 -20 -33 0
-4 -16 -20 -34 0
-4 -16 -20 -35 0
-4 -16 -22 -24 0
-4 -16 -22 -26 0
-4 -16 -22 -28 0
-4 -16 -22 -30 0
-4 -16 -22 -31 0
-4 -16 -22 -32 0
-4 -16 -22 -33 0
-4 -16 -22 -34 0
-4 -16 -22 -35 0
-4 -16 -24 -26 0
-4 -16 -24 -28 0
-4 -16 -24 -30 0
-4 -16 -24 -31 0
-4 -16 -24 -32 0
-4 -16 -24 -33 0
-4 -16 -24 -34 0
-4 -16 -24 -35 0
-4 -16 -26 -28 0
-4 -16 -26 -30 0
-4 -16 -26 -31 0
-4 -16 -26 -32 0
-4 -16 -26 -33 0
-4 -16 -26 -34 0
-4 -16 -26 -35 0
-4 -16 -28 -30 0
-4 -16 -28 -31 0
-4 -16 -28 -32 0
-4 -16 -28 -33 0
-4 -16 -28 -34 0
-4 -16 -28 -35 0
-4 -16 -30 -31 0
-4 -16 -30 -32 0
-4 -16 -30 -33 0
-4 -16 -30 -34 0
-4 -16 -30 -35 0
-4 -16 -31 -32 0
-4 -16 -31 -33 0
-4 -16 -31 -34 0
-4 -16 -31 -35 0
-4 -16 -32 -33 0
-4 -16 -32 -34 0
-4 -16 -32 -35 0
-4 -16 -33 -34 0
-4 -16 -33 -35 0
-4 -16 -34 -35 0
-4 -18 -20 -22 0
-4 -18 -20 -24 0
-4 -18 -20 -26 0
-4 -18 -20 -28 0
-4 -18 -20 -30 0
-4 -18 -20 -31 0
-4 -18 -20 -32 0
-4 -18 -20 -33 0
-4 -18 -20 -34 0
-4 -18 -20 -35 0
-4 -18 -22 -24 0
-4 -18 -22 -26 0
-4 -18 -22 -28 0
-4 -18 -22 -30 0
-4 -18 -22 -31 0
-4 -18 -22 -32 0
-4 -18 -22 -33 0
-4 -18 -22 -34 0
-4 -18 -22 -35 0
-4 -18 -24 -26 0
-4 -18 -24 -28 0
-4 -18 -24 -30 0
-4 -18 -24 -31 0
-4 -18 -24 -32 0
-4 -18 -24 -33 0
-4 -18 -24 -34 0
-4 -18 -24 -35 0
-4 -18 -26 -28 0
-4 -18 -26 -30 0
-4 -18 -26 -31 0
-4 -18 -26 -32 0
-4 -18 -26 -33 0
-4 -18 -26 -34 0
-4 -18 -26 -35 0
-4 -18 -28 -30 0
-4 -18 -28 -31 0
-4 -18 -28 -32 0
-4 -18 -28 -33 0
-4 -18 -28 -34 0
-4 -18 -28 -35 0
-4 -18 -30 -31 0
-4 -18 -30 -32 0
-4 -18 -30 -33 0
-4 -18 -30 -34 0
-4 -18 -30 -35 0
-4 -18 -31 -32 0
-4 -18 -31 -33 0
-4 -18 -31 -34 0
-4 -18 -31 -35 0
-4 -18 -32 -33 0
-4 -18 -32 -34 0
-4 -18 -32 -35 0
-4 -18 -33 -34 0
-4 -18 -33 -35 0
-4 -18 -34 -35 0
-4 -20 -22 -24 0
-4 -20 -22 -26 0
-4 -20 -22 -28 0
-4 -20 -22 -30 0
-4 -20 -22 -31 0
-4 -20 -22 -32 0
-4 -20 -22 -33 0
-4 -20 -22 -34 0
-4 -20 -22 -35 0
-4 -20 -24 -26 0
-4 -20 -24 -28 0
-4 -20 -24 -30 0
-4 -20 -24 -31 0
-4 -20 -24 -32 0
-4 -20 -24 -33 0
-4 -20 -24 -34 0
-4 -20 -24 -35 0
-4 -20 -26 -28 0
-4 -20 -26 -30 0
-4 -20 -26 -31 0
-4 -20 -26 -32 0
-4 -20 -26 -33 0
-4 -20 -26 -34 0
-4 -20 -26 -35 0
-4 -20 -28 -30 0
-4 -20 -28 -31 0
-4 -20 -28 -32 0
-4 -20 -28 -33 0
-4 -20 -28 -34 0
-4 -20 -28 -35 0
-4 -20 -30 -31 0
-4 -20 -30 -32 0
-4 -20 -30 -33 0
-4 -20 -30 -34 0
-4 -20 -30 -35 0
-4 -20 -31 -32 0
-4 -20 -31 -33 0
-4 -20 -31 -34 0
-4 -20 -31 -35 0
-4 -20 -32 -33 0
-4 -20 -32 -34 0
-4 -20 -32 -35 0
-4 -20 -33 -34 0
-4 -20 -33 -35 0
-4 -20 -34 -35 0
-4 -22 -24 -26 0
-4 -22 -24 -28 0
-4 -22 -24 -30 0
-4 -22 -24 -31 0
-4 -22 -24 -32 0
-4 -22 -24 -33 0
-4 -22 -24 -34 0
-4 -22 -24 -35 0
-4 -22 -26 -28 0
-4 -22 -26 -30 0
-4 -22 -26 -31 0
-4 -22 -26 -32 0
-4 -22 -26 -33 0
-4 -22 -26 -34 0
-4 -22 -26 -35 0
-4 -22 -28 -30 0
-4 -22 -28 -31 0
-4 -22 -28 -32 0
-4 -22 -28 -33 0
-4 -22 -28 -34 0
-4 -22 -28 -35 0
-4 -22 -30 -31 0
-4 -22 -30 -32 0
-4 -22 -30 -33 0
-4 -22 -30 -34 0
-4 -22 -30 -35 0
-4 -22 -31 -32 0
-4 -22 -31 -33 0
-4 -22 -31 -34 0
-4 -22 -31 -35 0
-4 -22 -32 -33 0
-4 -22 -32 -34 0
-4 -22 -32 -35 0
-4 -22 -33 -34 0
-4 -22 -33 -35 0
-4 -22 -34 -35 0
-4 -24 -26 -28 0
-4 -24 -26 -30 0
-4 -24 -26 -31 0
-4 -24 -26 -32 0
-4 -24 -26 -33 0
-4 -24 -26 -34 0
-4 -24 -26 -35 0
-4 -24 -28 -30 0
-4 -24 -28 -31 0
-4 -24 -28 -32 0
-4 -24 -28 -33 0
-4 -24 -28 -34 0
-4 -24 -28 -35 0
-4 -24 -30 -31 0
-4 -24 -30 -32 0
-4 -24 -30 -33 0
-4 -24 -30 -34 0
-4 -24 -30 -35 0
-4 -24 -31 -32 0
-4 -24 -31 -33 0
-4 -24 -31 -34 0
-4 -24 -31 -35 0
-4 -24 -32 -33 0
-4 -24 -32 -34 0
-4 -24 -32 -35 0
-4 -24 -33 -34 0
-4 -24 -33 -35 0
-4 -24 -34 -35 0
-4 -26 -28 -30 0
-4 -26 -28 -31 0
-4 -26 -28 -32 0
-4 -26 -28 -33 0
-4 -26 -28 -34 0
-4 -26 -28 -35 0
-4 -26 -30 -31 0
-4 -26 -30 -32 0
-4 -26 -30 -33 0
-4 -26 -30 -34 0
-4 -26 -30 -35 0
-4 -26 -31 -32 0
-4 -26 -31 -33 0
-4 -26 -31 -34 0
-4 -26 -31 -35 0
-4 -26 -32 -33 0
-4 -26 -32 -34 0
-4 -26 -32 -35 0
-4 -26 -33 -34 0
-4 -26 -33 -35 0
-4 -26 -34 -35 0
-4 -28 -30 -31 0
-4 -28 -30 -32 0
-4 -28 -30 -33 0
-4 -28 -30 -34 0
-4 -28 -30 -35 0
-4 -28 -31 -32 0
-4 -28 -31 -33 0
-4 -28 -31 -34 0
-4 -28 -31 -35 0
-4 -28 -32 -33 0
-4 -28 -32 -34 0
-4 -28 -32 -35 0
-4 -28 -33 -34 0
-4 -28 -33 -35 0
-4 -28 -34 -35 0
-4 -30 -31 -32 0
-4 -30 -31 -33 0
-4 -30 -31 -34 0
-4 -30 -31 -35 0
-4 -30 -32 -33 0
-4 -30 -32 -34 0
-4 -30 -32 -35 0
-4 -30 -33 -34 0
-4 -30 -33 -35 0
-4 -30 -34 -35 0
-4 -31 -32 -33 0
-4 -31 -32 -34 0
-4 -31 -32 -35 0
-4 -31 -33 -34 0
-4 -31 -33 -35 0
-4 -31 -34 -35 0
-4 -32 -33 -34 0
-4 -32 -33 -35 0
-4 -32 -34 -35 0
-4 -33 -34 -35 0
-6 -8 -10 -12 0
-6 -8 -10 -14 0
-6 -8 -10 -16 0
-6 -8 -10 -18 0
-6 -8 -10 -20 0
-6 -8 -10 -22 0
-6 -8 -10 -24 0
-6 -8 -10 -26 0
-6 -8 -10 -28 0
-6 -8 -10 -30 0
-6 -8 -10 -31 0
-6 -8 -10 -32 0
-6 -8 -10 -33 0
-6 -8 -10 -34 0
-6 -8 -10 -35 0
-6 -8 -12 -14 0
-6 -8 -12 -16 0
-6 -8 -12 -18 0
-6 -8 -12 -20 0
-6 -8 -12 -22 0
-6 -8 -12 -24 0
-6 -8 -12 -26 0
-6 -8 -12 -28 0
-6 -8 -12 -30 0
-6 -8 -12 -31 0
-6 -8 -12 -32 0
-6 -8 -12 -33 0
-6 -8 -12 -34 0
-6 -8 -12 -35 0
-6 -8 -14 -16 0
-6 -8 -14 -18 0
-6 -8 -14 -20 0
-6 -8 -14 -22 0
-6 -8 -14 -24 0
-6 -8 -14 -26 0
-6 -8 -14 -28 0
-6 -8 -14 -30 0
-6 -8 -14 -31 0
-6 -8 -14 -32 0
-6 -8 -14 -33 0
-6 -8 -14 -34 0
-6 -8 -14 -35 0
-6 -8 -16 -18 0
-6 -8 -16 -20 0
-6 -8 -16 -22 0
-6 -8 -16 -24 0
-6 -8 -16 -26 0
-6 -8 -16 -28 0
-6 -8 -16 -30 0
-6 -8 -16 -31 0
-6 -8 -16 -32 0
-6 -8 -16 -33 0
-6 -8 -16 -34 0
-6 -8 -16 -35 0
-6 -8 -18 -20 0
-6 -8 -18 -22 0
-6 -8 -18 -24 0
-6 -8 -18 -26 0
-6 -8 -18 -28 0
-6 -8 -18 -30 0
-6 -8 -18 -31 0
-6 -8 -18 -32 0
-6 -8 -18 -33 0
-6 -8 -18 -34 0
-6 -8 -18 -35 0
-6 -8 -20 -22 0
-6 -8 -20 -24 0
-6 -8 -20 -26 0
-6 -8 -20 -28 0
-6 -8 -20 -30 0
-6 -8 -20 -31 0
-6 -8 -20 -32 0
-6 -8 -20 -33 0
-6 -8 -20 -34 0
-6 -8 -20 -35 0
-6 -8 -22 -24 0
-6 -8 -22 -26 0
-6 -8 -22 -28 0
-6 -8 -22 -30 0
-6 -8 -22 -31 0
-6 -8 -22 -32 0
-6 -8 -22 -33 0
-6 -8 -22 -34 0
-6 -8 -22 -35 0
-6 -8 -24 -26 0
-6 -8 -24 -28 0
-6 -8 -24 -30 0
-6 -8 -24 -31 0
-6 -8 -24 -32 0
-6 -8 -24 -33 0
-6 -8 -24 -34 0
-6 -8 -24 -35 0
-6 -8 -26 -28 0
-6 -8 -26 -30 0
-6 -8 -26 -31 0
-6 -8 -26 -32 0
-6 -8 -26 -33 0
-6 -8 -26 -34 0
-6 -8 -26 -35 0
-6 -8 -28 -30 0
-6 -8 -28 -31 0
-6 -8 -28 -32 0
-6 -8 -28 -33 0
-6 -8 -28 -34 0
-6 -8 -28 -35 0
-6 -8 -30 -31 0
-6 -8 -30 -32 0
-6 -8 -30 -33 0
-6 -8 -30 -34 0
-6 -8 -30 -35 0
-6 -8 -31 -32 0
-6 -8 -31 -33 0
-6 -8 -31 -34 0
-6 -8 -31 -35 0
-6 -8 -32 -33 0
-6 -8 -32 -34 0
-6 -8 -32 -35 0
-6 -8 -33 -34 0
-6 -8 -33 -35 0
-6 -8 -34 -35 0
-6 -10 -12 -14 0
-6 -10 -12 -16 0
-6 -10 -12 -18 0
-6 -10 -12 -20 0
-6 -10 -12 -22 0
-6 -10 -12 -24 0
-6 -10 -12 -26 0
-6 -10 -12 -28 0
-6 -10 -12 -30 0
-6 -10 -12 -31 0
-6 -10 -12 -32 0
-6 -10 -12 -33 0
-6 -10 -12 -34 0
-6 -10 -12 -35 0
-6 -10 -14 -16 0
-6 -10 -14 -18 0
-6 -10 -14 -20 0
-6 -10 -14 -22 0
-6 -10 -14 -24 0
-6 -10 -14 -26 0
-6 -10 -14 -28 0
-6 -10 -14 -30 0
-6 -10 -14 -31 0
-6 -10 -14 -32 0
-6 -10 -14 -33 0
-6 -10 -14 -34 0
-6 -10 -14 -35 0
-6 -10 -16 -18 0
-6 -10 -16 -20 0
-6 -10 -16 -22 0
-6 -10 -16 -24 0
-6 -10 -16 -26 0
-6 -10 -16 -28 0
-6 -10 -16 -30 0
-6 -10 -16 -31 0
-6 -10 -16 -32 0
-6 -10 -16 -33 0
-6 -10 -16 -34 0
-6 -10 -16 -35 0
-6 -10 -18 -20 0
-6 -10 -18 -22 0
-6 -10 -18 -24 0
-6 -10 -18 -26 0
-6 -10 -18 -28 0
-6 -10 -18 -30 0
-6 -10 -18 -31 0
-6 -10 -18 -32 0
-6 -10 -18 -33 0
-6 -10 -18 -34 0
-6 -10 -18 -35 0
-6 -10 -20 -22 0
-6 -10 -20 -24 0
-6 -10 -20 -26 0
-6 -10 -20 -28 0
-6 -10 -20 -30 0
-6 -10 -20 -31 0
-6 -10 -20 -32 0
-6 -10 -20 -33 0
-6 -10 -20 -34 0
-6 -10 -20 -35 0
-6 -10 -22 -24 0
-6 -10 -22 -26 0
-6 -10 -22 -28 0
-6 -10 -22 -30 0
-6 -10 -22 -31 0
-6 -10 -22 -32 0
-6 -10 -22 -33 0
-6 -10 -22 -34 0
-6 -10 -22 -35 0
-6 -10 -24 -26 0
-6 -10 -24 -28 0
-6 -10 -24 -30 0
-6 -10 -24 -31 0
-6 -10 -24 -32 0
-6 -10 -24 -33 0
-6 -10 -24 -34 0
-6 -10 -24 -35 0
-6 -10 -26 -28 0
-6 -10 -26 -30 0
-6 -10 -26 -31 0
-6 -10 -26 -32 0
-6 -10 -26 -33 0
-6 -10 -26 -34 0
-6 -10 -26 -35 0
-6 -10 -28 -30 0
-6 -10 -28 -31 0
-6 -10 -28 -32 0
-6 -10 -28 -33 0
-6 -10 -28 -34 0
-6 -10 -28 -35 0
-6 -10 -30 -31 0
-6 -10 -30 -32 0
-6 -10 -30 -33 0
-6 -10 -30 -34 0
-6 -10 -30 -35 0
-6 -10 -31 -32 0
-6 -10 -31 -33 0
-6 -10 -31 -34 0
-6 -10 -31 -35 0
-6 -10 -32 -33 0
-6 -10 -32 -34 0
-6 -10 -32 -35 0
-6 -10 -33 -34 0
-6 -10 -33 -35 0
-6 -10 -34 -35 0
-6 -12 -14 -16 0
-6 -12 -14 -18 0
-6 -12 -14 -20 0
-6 -12 -14 -22 0
-6 -12 -14 -24 0
-6 -12 -14 -26 0
-6 -12 -14 -28 0
-6 -12 -14 -30 0
-6 -12 -14 -31 0
-6 -12 -14 -32 0
-6 -12 -14 -33 0
-6 -12 -14 -34 0
-6 -12 -14 -35 0
-6 -12 -16 -18 0
-6 -12 -16 -20 0
-6 -12 -16 -22 0
-6 -12 -16 -24 0
-6 -12 -16 -26 0
-6 -12 -16 -28 0
-6 -12 -16 -30 0
-6 -12 -16 -31 0
-6 -12 -16 -32 0
-6 -12 -16 -33 0
-6 -12 -16 -34 0
-6 -12 -16 -35 0
-6 -12 -18 -20 0
-6 -12 -18 -22 0
-6 -12 -18 -24 0
-6 -12 -18 -26 0
-6 -12 -18 -28 0
-6 -12 -18 -30 0
-6 -12 -18 -31 0
-6 -12 -18 -32 0
-6 -12 -18 -33 0
-6 -12 -18 -34 0
-6 -12 -18 -35 0
-6 -12 -20 -22 0
-6 -12 -20 -24 0
-6 -12 -20 -26 0
-6 -12 -20 -28 0
-6 -12 -20 -30 0
-6 -12 -20 -31 0
-6 -12 -20 -32 0
-6 -12 -20 -33 0
-6 -12 -20 -34 0
-6 -12 -20 -35 0
-6 -12 -22 -24 0
-6 -12 -22 -26 0
-6 -12 -22 -28 0
-6 -12 -22 -30 0
-6 -12 -22 -31 0
-6 -12 -22 -32 0
-6 -12 -22 -33 0
-6 -12 -22 -34 0
-6 -12 -22 -35 0
-6 -12 -24 -26 0
-6 -12 -24 -28 0
-6 -12 -24 -30 0
-6 -12 -24 -31 0
-6 -12 -24 -32 0
-6 -12 -24 -33 0
-6 -12 -24 -34 0
-6 -12 -24 -35 0
-6 -12 -26 -28 0
-6 -12 -26 -30 0
-6 -12 -26 -31 0
-6 -12 -26 -32 0
-6 -12 -26 -33 0
-6 -12 -26 -34 0
-6 -12 -26 -35 0
-6 -12 -28 -30 0
-6 -12 -28 -31 0
-6 -12 -28 -32 0
-6 -12 -28 -33 0
-6 -12 -28 -34 0
-6 -12 -28 -35 0
-6 -12 -30 -31 0
-6 -12 -30 -32 0
-6 -12 -30 -33 0
-6 -12 -30 -34 0
-6 -12 -30 -35 0
-6 -12 -31 -32 0
-6 -12 -31 -33 0
-6 -12 -31 -34 0
-6 -12 -31 -35 0
-6 -12 -32 -33 0
-6 -12 -32 -34 0
-6 -12 -32 -35 0
-6 -12 -33 -34 0
-6 -12 -33 -35 0
-6 -12 -34 -35 0
-6 -14 -16 -18 0
-6 -14 -16 -20 0
-6 -14 -16 -22 0
-6 -14 -16 -24 0
-6 -14 -16 -26 0
-6 -14 -16 -28 0
-6 -14 -16 -30 0
-6 -14 -16 -31 0
-6 -14 -16 -32 0
-6 -14 -16 -33 0
-6 -14 -16 -34 0
-6 -14 -16 -35 0
-6 -14 -18 -20 0
-6 -14 -18 -22 0
-6 -14 -18 -24 0
-6 -14 -18 -26 0
-6 -14 -18 -28 0
-6 -14 -18 -30 0
-6 -14 -18 -31 0
-6 -14 -18 -32 0
-6 -14 -18 -33 0
-6 -14 -18 -34 0
-6 -14 -18 -35 0
-6 -14 -20 -22 0
-6 -14 -20 -24 0
-6 -14 -20 -26 0
-6 -14 -20 -28 0
-6 -14 -20 -30 0
-6 -14 -20 -31 0
-6 -14 -20 -32 0
-6 -14 -20 -33 0
-6 -14 -20 -34 0
-6 -14 -20 -35 0
-6 -14 -22 -24 0
-6 -14 -22 -26 0
-6 -14 -22 -28 0
-6 -14 -22 -30 0
-6 -14 -22 -31 0
-6 -14 -22 -32 0
-6 -14 -22 -33 0
-6 -14 -22 -34 0
-6 -14 -22 -35 0
-6 -14 -24 -26 0
-6 -14 -24 -28 0
-6 -14 -24 -30 0
-6 -14 -24 -31 0
-6 -14 -24 -32 0
-6 -14 -24 -33 0
-6 -14 -24 -34 0
-6 -14 -24 -35 0
-6 -14 -26 -28 0
-6 -14 -26 -30 0
-6 -14 -26 -31 0
-6 -14 -26 -32 0
-6 -14 -26 -33 0
-6 -14 -26 -34 0
-6 -14 -26 -35 0
-6 -14 -28 -30 0
-6 -14 -28 -31 0
-6 -14 -28 -32 0
-6 -14 -28 -33 0
-6 -14 -28 -34 0
-6 -14 -28 -35 0
-6 -14 -30 -31 0
-6 -14 -30 -32 0
-6 -14 -30 -33 0
-6 -14 -30 -34 0
-6 -14 -30 -35 0
-6 -14 -31 -32 0
-6 -14 -31 -33 0
-6 -14 -31 -34 0
-6 -14 -31 -35 0
-6 -14 -32 -33 0
-6 -14 -32 -34 0
-6 -14 -32 -35 0
-6 -14 -33 -34 0
-6 -14 -33 -35 0
-6 -14 -34 -35 0
-6 -16 -18 -20 0
-6 -16 -18 -22 0
-6 -16 -18 -24 0
-6 -16 -18 -26 0
-6 -16 -18 -28 0
-6 -16 -18 -30 0
-6 -16 -18 -31 0
-6 -16 -18 -32 0
-6 -16 -18 -33 0
-6 -16 -18 -34 0
-6 -16 -18 -35 0
-6 -16 -20 -22 0
-6 -16 -20 -24 0
-6 -16 -20 -26 0
-6 -16 -20 -28 0
-6 -16 -20 -30 0
-6 -16 -20 -31 0
-6 -16 -20 -32 0
-6 -16 -20 -33 0
-6 -16 -20 -34 0
-6 -16 -20 -35 0
-6 -16 -22 -24 0
-6 -16 -22 -26 0
-6 -16 -22 -28 0
-6 -16 -22 -30 0
-6 -16 -22 -31 0
-6 -16 -22 -32 0
-6 -16 -22 -33 0
-6 -16 -22 -34 0
-6 -16 -22 -35 0
-6 -16 -24 -26 0
-6 -16 -24 -28 0
-6 -16 -24 -30 0
-6 -16 -24 -31 0
-6 -16 -24 -32 0
-6 -16 -24 -33 0
-6 -16 -24 -34 0
-6 -16 -24 -35 0
-6 -16 -26 -28 0
-6 -16 -26 -30 0
-6 -16 -26 -31 0
-6 -16 -26 -32 0
-6 -16 -26 -33 0
-6 -16 -26 -34 0
-6 -16 -26 -35 0
-6 -16 -28 -30 0
-6 -16 -28 -31 0
-6 -16 -28 -32 0
-6 -16 -28 -33 0
-6 -16 -28 -34 0
-6 -16 -28 -35 0
-6 -16 -30 -31 0
-6 -16 -30 -32 0
-6 -16 -30 -33 0
-6 -16 -30 -34 0
-6 -16 -30 -35 0
-6 -16 -31 -32 0
-6 -16 -31 -33 0
-6 -16 -31 -34 0
-6 -16 -31 -35 0
-6 -16 -32 -33 0
-6 -16 -32 -34 0
-6 -16 -32 -35 0
-6 -16 -33 -34 0
-6 -16 -33 -35 0
-6 -16 -34 -35 0
-6 -18 -20 -22 0
-6 -18 -20 -24 0
-6 -18 -20 -26 0
-6 -18 -20 -28 0
-6 -18 -20 -30 0
-6 -18 -20 -31 0
-6 -18 -20 -32 0
-6 -18 -20 -33 0
-6 -18 -20 -34 0
-6 -18 -20 -35 0
-6 -18 -22 -24 0
-6 -18 -22 -26 0
-6 -18 -22 -28 0
-6 -18 -22 -30 0
-6 -18 -22 -31 0
-6 -18 -22 -32 0
-6 -18 -22 -33 0
-6 -18 -22 -34 0
-6 -18 -22 -35 0
-6 -18 -24 -26 0
-6 -18 -24 -28 0
-6 -18 -24 -30 0
-6 -18 -24 -31 0
-6 -18 -24 -32 0
-6 -18 -24 -33 0
-6 -18 -24 -34 0
-6 -18 -24 -35 0
-6 -18 -26 -28 0
-6 -18 -26 -30 0
-6 -18 -26 -31 0
-6 -18 -26 -32 0
-6 -18 -26 -33 0
-6 -18 -26 -34 0
-6 -18 -26 -35 0
-6 -18 -28 -30 0
-6 -18 -28 -31 0
-6 -18 -28 -32 0
-6 -18 -28 -33 0
-6 -18 -28 -34 0
-6 -18 -28 -35 0
-6 -18 -30 -31 0
-6 -18 -30 -32 0
-6 -18 -30 -33 0
-6 -18 -30 -34 0
-6 -18 -30 -35 0
-6 -18 -31 -32 0
-6 -18 -31 -33 0
-6 -18 -31 -34 0
-6 -18 -31 -35 0
-6 -18 -32 -33 0
-6 -18 -32 -34 0
-6 -18 -32 -35 0
-6 -18 -33 -34 0
-6 -18 -33 -35 0
-6 -18 -34 -35 0
-6 -20 -22 -24 0
-6 -20 -22 -26 0
-6 -20 -22 -28 0
-6 -20 -22 -30 0
-6 -20 -22 -31 0
-6 -20 -22 -32 0
-6 -20 -22 -33 0
-6 -20 -22 -34 0
-6 -20 -22 -35 0
-6 -20 -24 -26 0
-6 -20 -24 -28 0
-6 -20 -24 -30 0
-6 -20 -24 -31 0
-6 -20 -24 -32 0
-6 -20 -24 -33 0
-6 -20 -24 -34 0
-6 -20 -24 -35 0
-6 -20 -26 -28 0
-6 -20 -26 -30 0
-6 -20 -26 -31 0
-6 -20 -26 -32 0
-6 -20 -26 -33 0
-6 -20 -26 -34 0
-6 -20 -26 -35 0
-6 -20 -28 -30 0
-6 -20 -28 -31 0
-6 -20 -28 -32 0
-6 -20 -28 -33 0
-6 -20 -28 -34 0
-6 -20 -28 -35 0
-6 -20 -30 -31 0
-6 -20 -30 -32 0
-6 -20 -30 -33 0
-6 -20 -30 -34 0
-6 -20 -30 -35 0
-6 -20 -31 -32 0
-6 -20 -31 -33 0
-6 -20 -31 -34 0
-6 -20 -31 -35 0
-6 -20 -32 -33 0
-6 -20 -32 -34 0
-6 -20 -32 -35 0
-6 -20 -33 -34 0
-6 -20 -33 -35 0
-6 -20 -34 -35 0
-6 -22 -24 -26 0
-6 -22 -24 -28 0
-6 -22 -24 -30 0
-6 -22 -24 -31 0
-6 -22 -24 -32 0
-6 -22 -24 -33 0
-6 -22 -24 -34 0
-6 -22 -24 -35 0
-6 -22 -26 -28 0
-6 -22 -26 -30 0
-6 -22 -26 -31 0
-6 -22 -26 -32 0
-6 -22 -26 -33 0
-6 -22 -26 -34 0
-6 -22 -26 -35 0
-6 -22 -28 -30 0
-6 -22 -28 -31 0
-6 -22 -28 -32 0
-6 -22 -28 -33 0
-6 -22 -28 -34 0
-6 -22 -28 -35 0
-6 -22 -30 -31 0
-6 -22 -30 -32 0
-6 -22 -30 -33 0
-6 -22 -30 -34 0
-6 -22 -30 -35 0
-6 -22 -31 -32 0
-6 -22 -31 -33 0
-6 -22 -31 -34 0
-6 -22 -31 -35 0
-6 -22 -32 -33 0
-6 -22 -32 -34 0
-6 -22 -32 -35 0
-6 -22 -33 -34 0
-6 -22 -33 -35 0
-6 -22 -34 -35 0
-6 -24 -26 -28 0
-6 -24 -26 -30 0
-6 -24 -26 -31 0
-6 -24 -26 -32 0
-6 -24 -26 -33 0
-6 -24 -26 -34 0
-6 -24 -26 -35 0
-6 -24 -28 -30 0
-6 -24 -28 -31 0
-6 -24 -28 -32 0
-6 -24 -28 -33 0
-6 -24 -28 -34 0
-6 -24 -28 -35 0
-6 -24 -30 -31 0
-6 -24 -30 -32 0
-6 -24 -30 -33 0
-6 -24 -30 -34 0
-6 -24 -30 -35 0
-6 -24 -31 -32 0
-6 -24 -31 -33 0
-6 -24 -31 -34 0
-6 -24 -31 -35 0
-6 -24 -32 -33 0
-6 -24 -32 -34 0
-6 -24 -32 -35 0
-6 -24 -33 -34 0
-6 -24 -33 -35 0
-6 -24 -34 -35 0
-6 -26 -28 -30 0
-6 -26 -28 -31 0
-6 -26 -28 -32 0
-6 -26 -28 -33 0
-6 -26 -28 -34 0
-6 -26 -28 -35 0
-6 -26 -30 -31 0
-6 -26 -30 -32 0
-6 -26 -30 -33 0
-6 -26 -30 -34 0
-6 -26 -30 -35 0
-6 -26 -31 -32 0
-6 -26 -31 -33 0
-6 -26 -31 -34 0
-6 -26 -31 -35 0
-6 -26 -32 -33 0
-6 -26 -32 -34 0
-6 -26 -32 -35 0
-6 -26 -33 -34 0
-6 -26 -33 -35 0
-6 -26 -34 -35 0
-6 -28 -30 -31 0
-6 -28 -30 -32 0
-6 -28 -30 -33 0
-6 -28 -30 -34 0
-6 -28 -30 -35 0
-6 -28 -31 -32 0
-6 -28 -31 -33 0
-6 -28 -31 -34 0
-6 -28 -31 -35 0
-6 -28 -32 -33 0
-6 -28 -32 -34 0
-6 -28 -32 -35 0
-6 -28 -33 -34 0
-6 -28 -33 -35 0
-6 -28 -34 -35 0
-6 -30 -31 -32 0
-6 -30 -31 -33 0
-6 -30 -31 -34 0
-6 -30 -31 -35 0
-6 -30 -32 -33 0
-6 -30 -32 -34 0
-6 -30 -32 -35 0
-6 -30 -33 -34 0
-6 -30 -33 -35 0
-6 -30 -34 -35 0
-6 -31 -32 -33 0
-6 -31 -32 -34 0
-6 -31 -32 -35 0
-6 -31 -33 -34 0
-6 -31 -33 -35 0
-6 -31 -34 -35 0
-6 -32 -33 -34 0
-6 -32 -33 -35 0
-6 -32 -34 -35 0
-6 -33 -34 -35 0
-8 -10 -12 -14 0
-8 -10 -12 -16 0
-8 -10 -12 -18 0
-8 -10 -12 -20 0
-8 -10 -12 -22 0
-8 -10 -12 -24 0
-8 -10 -12 -26 0
-8 -10 -12 -28 0
-8 -10 -12 -30 0
-8 -10 -12 -31 0
-8 -10 -12 -32 0
-8 -10 -12 -33 0
-8 -10 -12 -34 0
-8 -10 -12 -35 0
-8 -10 -14 -16 0
-8 -10 -14 -18 0
-8 -10 -14 -20 0
-8 -10 -14 -22 0
-8 -10 -14 -24 0
-8 -10 -14 -26 0
-8 -10 -14 -28 0
-8 -10 -14 -30 0
-8 -10 -14 -31 0
-8 -10 -14 -32 0
-8 -10 -14 -33 0
-8 -10 -14 -34 0
-8 -10 -14 -35 0
-8 -10 -16 -18 0
-8 -10 -16 -20 0
-8 -10 -16 -22 0
-8 -10 -16 -24 0
-8 -10 -16 -26 0
-8 -10 -16 -28 0
-8 -10 -16 -30 0
-8 -10 -16 -31 0
-8 -10 -16 -32 0
-8 -10 -16 -33 0
-8 -10 -16 -34 0
-8 -10 -16 -35 0
-8 -10 -18 -20 0
-8 -10 -18 -22 0
-8 -10 -18 -24 0
-8 -10 -18 -26 0
-8 -10 -18 -28 0
-8 -10 -18 -30 0
-8 -10 -18 -31 0
-8 -10 -18 -32 0
-8 -10 -18 -33 0
-8 -10 -18 -34 0
-8 -10 -18 -35 0
-8 -10 -20 -22 0
-8 -10 -20 -24 0
-8 -10 -20 -26 0
-8 -10 -20 -28 0
-8 -10 -20 -30 0
-8 -10 -20 -31 0
-8 -10 -20 -32 0
-8 -10 -20 -33 0
-8 -10 -20 -34 0
-8 -10 -20 -35 0
-8 -10 -22 -24 0
-8 -10 -22 -26 0
-8 -10 -22 -28 0
-8 -10 -22 -30 0
-8 -10 -22 -31 0
-8 -10 -22 -32 0
-8 -10 -22 -33 0
-8 -10 -22 -34 0
-8 -10 -22 -35 0
-8 -10 -24 -26 0
-8 -10 -24 -28 0
-8 -10 -24 -30 0
-8 -10 -24 -31 0
-8 -10 -24 -32 0
-8 -10 -24 -33 0
-8 -10 -24 -34 0
-8 -10 -24 -35 0
-8 -10 -26 -28 0
-8 -10 -26 -30 0
-8 -10 -26 -31 0
-8 -10 -26 -32 0
-8 -10 -26 -33 0
-8 -10 -26 -34 0
-8 -10 -26 -35 0
-8 -10 -28 -30 0
-8 -10 -28 -31 0
-8 -10 -28 -32 0
-8 -10 -28 -33 0
-8 -10 -28 -34 0
-8 -10 -28 -35 0
-8 -10 -30 -31 0
-8 -10 -30 -32 0
-8 -10 -30 -33 0
-8 -10 -30 -34 0
-8 -10 -30 -35 0
-8 -10 -31 -32 0
-8 -10 -31 -33 0
-8 -10 -31 -34 0
-8 -10 -31 -35 0
-8 -10 -32 -33 0
-8 -10 -32 -34 0
-8 -10 -32 -35 0
-8 -10 -33 -34 0
-8 -10 -33 -35 0
-8 -10 -34 -35 0
-8 -12 -14 -16 0
-8 -12 -14 -18 0
-8 -12 -14 -20 0
-8 -12 -14 -22 0
-8 -12 -14 -24 0
-8 -12 -14 -26 0
-8 -12 -14 -28 0
-8 -12 -14 -30 0
-8 -12 -14 -31 0
-8 -12 -14 -32 0
-8 -12 -14 -33 0
-8 -12 -14 -34 0
-8 -12 -14 -35 0
-8 -12 -16 -18 0
-8 -12 -16 -20 0
-8 -12 -16 -22 0
-8 -12 -16 -24 0
-8 -12 -16 -26 0
-8 -12 -16 -28 0
-8 -12 -16 -30 0
-8 -12 -16 -31 0
-8 -12 -16 -32 0
-8 -12 -16 -33 0
-8 -12 -16 -34 0
-8 -12 -16 -35 0
-8 -12 -18 -20 0
-8 -12 -18 -22 0
-8 -12 -18 -24 0
-8 -12 -18 -26 0
-8 -12 -18 -28 0
-8 -12 -18 -30 0
-8 -12 -18 -31 0
-8 -12 -18 -32 0
-8 -12 -18 -33 0
-8 -12 -18 -34 0
-8 -12 -18 -35 0
-8 -12 -20 -22 0
-8 -12 -20 -24 0
-8 -12 -20 -26 0
-8 -12 -20 -28 0
-8 -12 -20 -30 0
-8 -12 -20 -31 0
-8 -12 -20 -32 0
-8 -12 -20 -33 0
-8 -12 -20 -34 0
-8 -12 -20 -35 0
-8 -12 -22 -24 0
-8 -12 -22 -26 0
-8 -12 -22 -28 0
-8 -12 -22 -30 0
-8 -12 -22 -31 0
-8 -12 -22 -32 0
-8 -12 -22 -33 0
-8 -12 -22 -34 0
-8 -12 -22 -35 0
-8 -12 -24 -26 0
-8 -12 -24 -28 0
-8 -12 -24 -30 0
-8 -12 -24 -31 0
-8 -12 -24 -32 0
-8 -12 -24 -33 0
-8 -12 -24 -34 0
-8 -12 -24 -35 0
-8 -12 -26 -28 0
-8 -12 -26 -30 0
-8 -12 -26 -31 0
-8 -12 -26 -32 0
-8 -12 -26 -33 0
-8 -12 -26 -34 0
-8 -12 -26 -35 0
-8 -12 -28 -30 0
-8 -12 -28 -31 0
-8 -12 -28 -32 0
-8 -12 -28 -33 0
-8 -12 -28 -34 0
-8 -12 -28 -35 0
-8 -12 -30 -31 0
-8 -12 -30 -32 0
-8 -12 -30 -33 0
-8 -12 -30 -34 0
-8 -12 -30 -35 0
-8 -12 -31 -32 0
-8 -12 -31 -33 0
-8 -12 -31 -34 0
-8 -12 -31 -35 0
-8 -12 -32 -33 0
-8 -12 -32 -34 0
-8 -12 -32 -35 0
-8 -12 -33 -34 0
-8 -12 -33 -35 0
-8 -12 -34 -35 0
-8 -14 -16 -18 0
-8 -14 -16 -20 0
-8 -14 -16 -22 0
-8 -14 -16 -24 0
-8 -14 -16 -26 0
-8 -14 -16 -28 0
-8 -14 -16 -30 0
-8 -14 -16 -31 0
-8 -14 -16 -32 0
-8 -14 -16 -33 0
-8 -14 -16 -34 0
-8 -14 -16 -35 0
-8 -14 -18 -20 0
-8 -14 -18 -22 0
-8 -14 -18 -24 0
-8 -14 -18 -26 0
-8 -14 -18 -28 0
-8 -14 -18 -30 0
-8 -14 -18 -31 0
-8 -14 -18 -32 0
-8 -14 -18 -33 0
-8 -14 -18 -34 0
-8 -14 -18 -35 0
-8 -14 -20 -22 0
-8 -14 -20 -24 0
-8 -14 -20 -26 0
-8 -14 -20 -28 0
-8 -14 -20 -30 0
-8 -14 -20 -31 0
-8 -14 -20 -32 0
-8 -14 -20 -33 0
-8 -14 -20 -34 0
-8 -14 -20 -35 0
-8 -14 -22 -24 0
-8 -14 -22 -26 0
-8 -14 -22 -28 0
-8 -14 -22 -30 0
-8 -14 -22 -31 0
-8 -14 -22 -32 0
-8 -14 -22 -33 0
-8 -14 -22 -34 0
-8 -14 -22 -35 0
-8 -14 -24 -26 0
-8 -14 -24 -28 0
-8 -14 -24 -30 0
-8 -14 -24 -31 0
-8 -14 -24 -32 0
-8 -14 -24 -33 0
-8 -14 -24 -34 0
-8 -14 -24 -35 0
-8 -14 -26 -28 0
-8 -14 -26 -30 0
-8 -14 -26 -31 0
-8 -14 -26 -32 0
-8 -14 -26 -33 0
-8 -14 -26 -34 0
-8 -14 -26 -35 0
-8 -14 -28 -30 0
-8 -14 -28 -31 0
-8 -14 -28 -32 0
-8 -14 -28 -33 0
-8 -14 -28 -34 0
-8 -14 -28 -35 0
-8 -14 -30 -31 0
-8 -14 -30 -32 0
-8 -14 -30 -33 0
-8 -14 -30 -34 0
-8 -14 -30 -35 0
-8 -14 -31 -32 0
-8 -14 -31 -33 0
-8 -14 -31 -34 0
-8 -14 -31 -35 0
-8 -14 -32 -33 0
-8 -14 -32 -34 0
-8 -14 -32 -35 0
-8 -14 -33 -34 0
-8 -14 -33 -35 0
-8 -14 -34 -35 0
-8 -16 -18 -20 0
-8 -16 -18 -22 0
-8 -16 -18 -24 0
-8 -16 -18 -26 0
-8 -16 -18 -28 0
-8 -16 -18 -30 0
-8 -16 -18 -31 0
-8 -16 -18 -32 0
-8 -16 -18 -33 0
-8 -16 -18 -34 0
-8 -16 -18 -35 0
-8 -16 -20 -22 0
-8 -16 -20 -24 0
-8 -16 -20 -26 0
-8 -16 -20 -28 0
-8 -16 -20 -30 0
-8 -16 -20 -31 0
-8 -16 -20 -32 0
-8 -16 -20 -33 0
-8 -16 -20 -34 0
-8 -16 -20 -35 0
-8 -16 -22 -24 0
-8 -16 -22 -26 0
-8 -16 -22 -28 0
-8 -16 -22 -30 0
-8 -16 -22 -31 0
-8 -16 -22 -32 0
-8 -16 -22 -33 0
-8 -16 -22 -34 0
-8 -16 -22 -35 0
-8 -16 -24 -26 0
-8 -16 -24 -28 0
-8 -16 -24 -30 0
-8 -16 -24 -31 0
-8 -16 -24 -32 0
-8 -16 -24 -33 0
-8 -16 -24 -34 0
-8 -16 -24 -35 0
-8 -16 -26 -28 0
-8 -16 -26 -30 0
-8 -16 -26 -31 0
-8 -16 -26 -32 0
-8 -16 -26 -33 0
-8 -16 -26 -34 0
-8 -16 -26 -35 0
-8 -16 -28 -30 0
-8 -16 -28 -31 0
-8 -16 -28 -32 0
-8 -16 -28 -33 0
-8 -16 -28 -34 0
-8 -16 -28 -35 0
-8 -16 -30 -31 0
-8 -16 -30 -32 0
-8 -16 -30 -33 0
-8 -16 -30 -34 0
-8 -16 -30 -35 0
-8 -16 -31 -32 0
-8 -16 -31 -33 0
-8 -16 -31 -34 0
-8 -16 -31 -35 0
-8 -16 -32 -33 0
-8 -16 -32 -34 0
-8 -16 -32 -35 0
-8 -16 -33 -34 0
-8 -16 -33 -35 0
-8 -16 -34 -35 0
-8 -18 -20 -22 0
-8 -18 -20 -24 0
-8 -18 -20 -26 0
-8 -18 -20 -28 0
-8 -18 -20 -30 0
-8 -18 -20 -31 0
-8 -18 -20 -32 0
-8 -18 -20 -33 0
-8 -18 -20 -34 0
-8 -18 -20 -35 0
-8 -18 -22 -24 0
-8 -18 -22 -26 0
-8 -18 -22 -28 0
-8 -18 -22 -30 0
-8 -18 -22 -31 0
-8 -18 -22 -32 0
-8 -18 -22 -33 0
-8 -18 -22 -34 0
-8 -18 -22 -35 0
-8 -18 -24 -26 0
-8 -18 -24 -28 0
-8 -18 -24 -30 0
-8 -18 -24 -31 0
-8 -18 -24 -32 0
-8 -18 -24 -33 0
-8 -18 -24 -34 0
-8 -18 -24 -35 0
-8 -18 -26 -28 0
-8 -18 -26 -30 0
-8 -18 -26 -31 0
-8 -18 -26 -32 0
-8 -18 -26 -33 0
-8 -18 -26 -34 0
-8 -18 -26 -35 0
-8 -18 -28 -30 0
-8 -18 -28 -31 0
-8 -18 -28 -32 0
-8 -18 -28 -33 0
-8 -18 -28 -34 0
-8 -18 -28 -35 0
-8 -18 -30 -31 0
-8 -18 -30 -32 0
-8 -18 -30 -33 0
-8 -18 -30 -34 0
-8 -18 -30 -35 0
-8 -18 -31 -32 0
-8 -18 -31 -33 0
-8 -18 -31 -34 0
-8 -18 -31 -35 0
-8 -18 -32 -33 0
-8 -18 -32 -34 0
-8 -18 -32 -35 0
-8 -18 -33 -34 0
-8 -18 -33 -35 0
-8 -18 -34 -35 0
-8 -20 -22 -24 0
-8 -20 -22 -26 0
-8 -20 -22 -28 0
-8 -20 -22 -30 0
-8 -20 -22 -31 0
-8 -20 -22 -32 0
-8 -20 -22 -33 0
-8 -20 -22 -34 0
-8 -20 -22 -35 0
-8 -20 -24 -26 0
-8 -20 -24 -28 0
-8 -20 -24 -30 0
-8 -20 -24 -31 0
-8 -20 -24 -32 0
-8 -20 -24 -33 0
-8 -20 -24 -34 0
-8 -20 -24 -35 0
-8 -20 -26 -28 0
-8 -20 -26 -30 0
-8 -20 -26 -31 0
-8 -20 -26 -32 0
-8 -20 -26 -33 0
-8 -20 -26 -34 0
-8 -20 -26 -35 0
-8 -20 -28 -30 0
-8 -20 -28 -31 0
-8 -20 -28 -32 0
-8 -20 -28 -33 0
-8 -20 -28 -34 0
-8 -20 -28 -35 0
-8 -20 -30 -31 0
-8 -20 -30 -32 0
-8 -20 -30 -33 0
-8 -20 -30 -34 0
-8 -20 -30 -35 0
-8 -20 -31 -32 0
-8 -20 -31 -33 0
-8 -20 -31 -34 0
-8 -20 -31 -35 0
-8 -20 -32 -33 0
-8 -20 -32 -34 0
-8 -20 -32 -35 0
-8 -20 -33 -34 0
-8 -20 -33 -35 0
-8 -20 -34 -35 0
-8 -22 -24 -26 0
-8 -22 -24 -28 0
-8 -22 -24 -30 0
-8 -22 -24 -31 0
-8 -22 -24 -32 0
-8 -22 -24 -33 0
-8 -22 -24 -34 0
-8 -22 -24 -35 0
-8 -22 -26 -28 0
-8 -22 -26 -30 0
-8 -22 -26 -31 0
-8 -22 -26 -32 0
-8 -22 -26 -33 0
-8 -22 -26 -34 0
-8 -22 -26 -35 0
-8 -22 -28 -30 0
-8 -22 -28 -31 0
-8 -22 -28 -32 0
-8 -22 -28 -33 0
-8 -22 -28 -34 0
-8 -22 -28 -35 0
-8 -22 -30 -31 0
-8 -22 -30 -32 0
-8 -22 -30 -33 0
-8 -22 -30 -34 0
-8 -22 -30 -35 0
-8 -22 -31 -32 0
-8 -22 -31 -33 0
-8 -22 -31 -34 0
-8 -22 -31 -35 0
-8 -22 -32 -33 0
-8 -22 -32 -34 0
-8 -22 -32 -35 0
-8 -22 -33 -34 0
-8 -22 -33 -35 0
-8 -22 -34 -35 0
-8 -24 -26 -28 0
-8 -24 -26 -30 0
-8 -24 -26 -31 0
-8 -24 -26 -32 0
-8 -24 -26 -33 0
-8 -24 -26 -34 0
-8 -24 -26 -35 0
-8 -24 -28 -30 0
-8 -24 -28 -31 0
-8 -24 -28 -32 0
-8 -24 -28 -33 0
-8 -24 -28 -34 0
-8 -24 -28 -35 0
-8 -24 -30 -31 0
-8 -24 -30 -32 0
-8 -24 -30 -33 0
-8 -24 -30 -34 0
-8 -24 -30 -35 0
-8 -24 -31 -32 0
-8 -24 -31 -33 0
-8 -24 -31 -34 0
-8 -24 -31 -35 0
-8 -24 -32 -33 0
-8 -24 -32 -34 0
-8 -24 -32 -35 0
-8 -24 -33 -34 0
-8 -24 -33 -35 0
-8 -24 -34 -35 0
-8 -26 -28 -30 0
-8 -26 -28 -31 0
-8 -26 -28 -32 0
-8 -26 -28 -33 0
-8 -26 -28 -34 0
-8 -26 -28 -35 0
-8 -26 -30 -31 0
-8 -26 -30 -32 0
-8 -26 -30 -33 0
-8 -26 -30 -34 0
-8 -26 -30 -35 0
-8 -26 -31 -32 0
-8 -26 -31 -33 0
-8 -26 -31 -34 0
-8 -26 -31 -35 0
-8 -26 -32 -33 0
-8 -26 -32 -34 0
-8 -26 -32 -35 0
-8 -26 -33 -34 0
-8 -26 -33 -35 0
-8 -26 -34 -35 0
-8 -28 -30 -31 0
-8 -28 -30 -32 0
-8 -28 -30 -33 0
-8 -28 -30 -34 0
-8 -28 -30 -35 0
-8 -28 -31 -32 0
-8 -28 -31 -33 0
-8 -28 -31 -34 0
-8 -28 -31 -35 0
-8 -28 -32 -33 0
-8 -28 -32 -34 0
-8 -28 -32 -35 0
-8 -28 -33 -34 0
-8 -28 -33 -35 0
-8 -28 -34 -35 0
-8 -30 -31 -32 0
-8 -30 -31 -33 0
-8 -30 -31 -34 0
-8 -30 -31 -35 0
-8 -30 -32 -33 0
-8 -30 -32 -34 0
-8 -30 -32 -35 0
-8 -30 -33 -34 0
-8 -30 -33 -35 0
-8 -30 -34 -35 0
-8 -31 -32 -33 0
-8 -31 -32 -34 0
-8 -31 -32 -35 0
-8 -31 -33 -34 0
-8 -31 -33 -35 0
-8 -31 -34 -35 0
-8 -32 -33 -34 0
-8 -32 -33 -35 0
-8 -32 -34 -35 0
-8 -33 -34 -35 0
-10 -12 -14 -16 0
-10 -12 -14 -18 0
-10 -12 -14 -20 0
-10 -12 -14 -22 0
-10 -12 -14 -24 0
-10 -12 -14 -26 0
-10 -12 -14 -28 0
-10 -12 -14 -30 0
-10 -12 -14 -31 0
-10 -12 -14 -32 0
-10 -12 -14 -33 0
-10 -12 -14 -34 0
-10 -12 -14 -35 0
-10 -12 -16 -18 0
-10 -12 -16 -20 0
-10 -12 -16 -22 0
-10 -12 -16 -24 0
-10 -12 -16 -26 0
-10 -12 -16 -28 0
-10 -12 -16 -30 0
-10 -12 -16 -31 0
-10 -12 -16 -32 0
-10 -12 -16 -33 0
-10 -12 -16 -34 0
-10 -12 -16 -35 0
-10 -12 -18 -20 0
-10 -12 -18 -22 0
-10 -12 -18 -24 0
-10 -12 -18 -26 0
-10 -12 -18 -28 0
-10 -12 -18 -30 0
-10 -12 -18 -31 0
-10 -12 -18 -32 0
-10 -12 -18 -33 0
-10 -12 -18 -34 0
-10 -12 -18 -35 0
-10 -12 -20 -22 0
-10 -12 -20 -24 0
-10 -12 -20 -26 0
-10 -12 -20 -28 0
-10 -12 -20 -30 0
-10 -12 -20 -31 0
-10 -12 -20 -32 0
-10 -12 -20 -33 0
-10 -12 -20 -34 0
-10 -12 -20 -35 0
-10 -12 -22 -24 0
-10 -12 -22 -26 0
-10 -12 -22 -28 0
-10 -12 -22 -30 0
-10 -12 -22 -31 0
-10 -12 -22 -32 0
-10 -12 -22 -33 0
-10 -12 -22 -34 0
-10 -12 -22 -35 0
-10 -12 -24 -26 0
-10 -12 -24 -28 0
-10 -12 -24 -30 0
-10 -12 -24 -31 0
-10 -12 -24 -32 0
-10 -12 -24 -33 0
-10 -12 -24 -34 0
-10 -12 -24 -35 0
-10 -12 -26 -28 0
-10 -12 -26 -30 0
-10 -12 -26 -31 0
-10 -12 -26 -32 0
-10 -12 -26 -33 0
-10 -12 -26 -34 0
-10 -12 -26 -35 0
-10 -12 -28 -30 0
-10 -12 -28 -31 0
-10 -12 -28 -32 0
-10 -12 -28 -33 0
-10 -12 -28 -34 0
-10 -12 -28 -35 0
-10 -12 -30 -31 0
-10 -12 -30 -32 0
-10 -12 -30 -33 0
-10 -12 -30 -34 0
-10 -12 -30 -35 0
-10 -12 -31 -32 0
-10 -12 -31 -33 0
-10 -12 -31 -34 0
-10 -12 -31 -35 0
-10 -12 -32 -33 0
-10 -12 -32 -34 0
-10 -12 -32 -35 0
-10 -12 -33 -34 0
-10 -12 -33 -35 0
-10 -12 -34 -35 0
-10 -14 -16 -18 0
-10 -14 -16 -20 0
-10 -14 -16 -22 0
-10 -14 -16 -24 0
-10 -14 -16 -26 0
-10 -14 -16 -28 0
-10 -14 -16 -30 0
-10 -14 -16 -31 0
-10 -14 -16 -32 0
-10 -14 -16 -33 0
-10 -14 -16 -34 0
-10 -14 -16 -35 0
-10 -14 -18 -20 0
-10 -14 -18 -22 0
-10 -14 -18 -24 0
-10 -14 -18 -26 0
-10 -14 -18 -28 0
-10 -14 -18 -30 0
-10 -14 -18 -31 0
-10 -14 -18 -32 0
-10 -14 -18 -33 0
-10 -14 -18 -34 0
-10 -14 -18 -35 0
-10 -14 -20 -22 0
-10 -14 -20 -24 0
-10 -14 -20 -26 0
-10 -14 -20 -28 0
-10 -14 -20 -30 0
-10 -14 -20 -31 0
-10 -14 -20 -32 0
-10 -14 -20 -33 0
-10 -14 -20 -34 0
-10 -14 -20 -35 0
-10 -14 -22 -24 0
-10 -14 -22 -26 0
-10 -14 -22 -28 0
-10 -14 -22 -30 0
-10 -14 -22 -31 0
-10 -14 -22 -32 0
-10 -14 -22 -33 0
-10 -14 -22 -34 0
-10 -14 -22 -35 0
-10 -14 -24 -26 0
-10 -14 -24 -28 0
-10 -14 -24 -30 0
-10 -14 -24 -31 0
-10 -14 -24 -32 0
-10 -14 -24 -33 0
-10 -14 -24 -34 0
-10 -14 -24 -35 0
-10 -14 -26 -28 0
-10 -14 -26 -30 0
-10 -14 -26 -31 0
-10 -14 -26 -32 0
-10 -14 -26 -33 0
-10 -14 -26 -34 0
-10 -14 -26 -35 0
-10 -14 -28 -30 0
-10 -14 -28 -31 0
-10 -14 -28 -32 0
-10 -14 -28 -33 0
-10 -14 -28 -34 0
-10 -14 -28 -35 0
-10 -14 -30 -31 0
-10 -14 -30 -32 0
-10 -14 -30 -33 0
-10 -14 -30 -34 0
-10 -14 -30 -35 0
-10 -14 -31 -32 0
-10 -14 -31 -33 0
-10 -14 -31 -34 0
-10 -14 -31 -35 0
-10 -14 -32 -33 0
-10 -14 -32 -34 0
-10 -14 -32 -35 0
-10 -14 -33 -34 0
-10 -14 -33 -35 0
-10 -14 -34 -35 0
-10 -16 -18 -20 0
-10 -16 -18 -22 0
-10 -16 -18 -24 0
-10 -16 -18 -26 0
-10 -16 -18 -28 0
-10 -16 -18 -30 0
-10 -16 -18 -31 0
-10 -16 -18 -32 0
-10 -16 -18 -33 0
-10 -16 -18 -34 0
-10 -16 -18 -35 0
-10 -16 -20 -22 0
-10 -16 -20 -24 0
-10 -16 -20 -26 0
-10 -16 -20 -28 0
-10 -16 -20 -30 0
-10 -16 -20 -31 0
-10 -16 -20 -32 0
-10 -16 -20 -33 0
-10 -16 -20 -34 0
-10 -16 -20 -35 0
-10 -16 -22 -24 0
-10 -16 -22 -26 0
-10 -16 -22 -28 0
-10 -16 -22 -30 0
-10 -16 -22 -31 0
-10 -16 -22 -32 0
-10 -16 -22 -33 0
-10 -16 -22 -34 0
-10 -16 -22 -35 0
-10 -16 -24 -26 0
-10 -16 -24 -28 0
-10 -16 -24 -30 0
-10 -16 -24 -31 0
-10 -16 -24 -32 0
-10 -16 -24 -33 0
-10 -16 -24 -34 0
-10 -16 -24 -35 0
-10 -16 -26 -28 0
-10 -16 -26 -30 0
-10 -16 -26 -31 0
-10 -16 -26 -32 0
-10 -16 -26 -33 0
-10 -16 -26 -34 0
-10 -16 -26 -35 0
-10 -16 -28 -30 0
-10 -16 -28 -31 0
-10 -16 -28 -32 0
-10 -16 -28 -33 0
-10 -16 -28 -34 0
-10 -16 -28 -35 0
-10 -16 -30 -31 0
-10 -16 -30 -32 0
-10 -16 -30 -33 0
-10 -16 -30 -34 0
-10 -16 -30 -35 0
-10 -16 -31 -32 0
-10 -16 -31 -33 0
-10 -16 -31 -34 0
-10 -16 -31 -35 0
-10 -16 -32 -33 0
-10 -16 -32 -34 0
-10 -16 -32 -35 0
-10 -16 -33 -34 0
-10 -16 -33 -35 0
-10 -16 -34 -35 0
-10 -18 -20 -22 0
-10 -18 -20 -24 0
-10 -18 -20 -26 0
-10 -18 -20 -28 0
-10 -18 -20 -30 0
-10 -18 -20 -31 0
-10 -18 -20 -32 0
-10 -18 -20 -33 0
-10 -18 -20 -34 0
-10 -18 -20 -35 0
-10 -18 -22 -24 0
-10 -18 -22 -26 0
-10 -18 -22 -28 0
-10 -18 -22 -30 0
-10 -18 -22 -31 0
-10 -18 -22 -32 0
-10 -18 -22 -33 0
-10 -18 -22 -34 0
-10 -18 -22 -35 0
-10 -18 -24 -26 0
-10 -18 -24 -28 0
-10 -18 -24 -30 0
-10 -18 -24 -31 0
-10 -18 -24 -32 0
-10 -18 -24 -33 0
-10 -18 -24 -34 0
-10 -18 -24 -35 0
-10 -18 -26 -28 0
-10 -18 -26 -30 0
-10 -18 -26 -31 0
-10 -18 -26 -32 0
-10 -18 -26 -33 0
-10 -18 -26 -34 0
-10 -18 -26 -35 0
-10 -18 -28 -30 0
-10 -18 -28 -31 0
-10 -18 -28 -32 0
-10 -18 -28 -33 0
-10 -18 -28 -34 0
-10 -18 -28 -35 0
-10 -18 -30 -31 0
-10 -18 -30 -32 0
-10 -18 -30 -33 0
-10 -18 -30 -34 0
-10 -18 -30 -35 0
-10 -18 -31 -32 0
-10 -18 -31 -33 0
-10 -18 -31 -34 0
-10 -18 -31 -35 0
-10 -18 -32 -33 0
-10 -18 -32 -34 0
-10 -18 -32 -35 0
-10 -18 -33 -34 0
-10 -18 -33 -35 0
-10 -18 -34 -35 0
-10 -20 -22 -24 0
-10 -20 -22 -26 0
-10 -20 -22 -28 0
-10 -20 -22 -30 0
-10 -20 -22 -31 0
-10 -20 -22 -32 0
-10 -20 -22 -33 0
-10 -20 -22 -34 0
-10 -20 -22 -35 0
-10 -20 -24 -26 0
-10 -20 -24 -28 0
-10 -20 -24 -30 0
-10 -20 -24 -31 0
-10 -20 -24 -32 0
-10 -20 -24 -33 0
-10 -20 -24 -34 0
-10 -20 -24 -35 0
-10 -20 -26 -28 0
-10 -20 -26 -30 0
-10 -20 -26 -31 0
-10 -20 -26 -32 0
-10 -20 -26 -33 0
-10 -20 -26 -34 0
-10 -20 -26 -35 0
-10 -20 -28 -30 0
-10 -20 -28 -31 0
-10 -20 -28 -32 0
-10 -20 -28 -33 0
-10 -20 -28 -34 0
-10 -20 -28 -35 0
-10 -20 -30 -31 0
-10 -20 -30 -32 0
-10 -20 -30 -33 0
-10 -20 -30 -34 0
-10 -20 -30 -35 0
-10 -20 -31 -32 0
-10 -20 -31 -33 0
-10 -20 -31 -34 0
-10 -20 -31 -35 0
-10 -20 -32 -33 0
-10 -20 -32 -34 0
-10 -20 -32 -35 0
-10 -20 -33 -34 0
-10 -20 -33 -35 0
-10 -20 -34 -35 0
-10 -22 -24 -26 0
-10 -22 -24 -28 0
-10 -22 -24 -30 0
-10 -22 -24 -31 0
-10 -22 -24 -32 0
-10 -22 -24 -33 0
-10 -22 -24 -34 0
-10 -22 -24 -35 0
-10 -22 -26 -28 0
-10 -22 -26 -30 0
-10 -22 -26 -31 0
-10 -22 -26 -32 0
-10 -22 -26 -33 0
-10 -22 -26 -34 0
-10 -22 -26 -35 0
-10 -22 -28 -30 0
-10 -22 -28 -31 0
-10 -22 -28 -32 0
-10 -22 -28 -33 0
-10 -22 -28 -34 0
-10 -22 -28 -35 0
-10 -22 -30 -31 0
-10 -22 -30 -32 0
-10 -22 -30 -33 0
-10 -22 -30 -34 0
-10 -22 -30 -35 0
-10 -22 -31 -32 0
-10 -22 -31 -33 0
-10 -22 -31 -34 0
-10 -22 -31 -35 0
-10 -22 -32 -33 0
-10 -22 -32 -34 0
-10 -22 -32 -35 0
-10 -22 -33 -34 0
-10 -22 -33 -35 0
-10 -22 -34 -35 0
-10 -24 -26 -28 0
-10 -24 -26 -30 0
-10 -24 -26 -31 0
-10 -24 -26 -32 0
-10 -24 -26 -33 0
-10 -24 -26 -34 0
-10 -24 -26 -35 0
-10 -24 -28 -30 0
-10 -24 -28 -31 0
-10 -24 -28 -32 0
-10 -24 -28 -33 0
-10 -24 -28 -34 0
-10 -24 -28 -35 0
-10 -24 -30 -31 0
-10 -24 -30 -32 0
-10 -24 -30 -33 0
-10 -24 -30 -34 0
-10 -24 -30 -35 0
-10 -24 -31 -32 0
-10 -24 -31 -33 0
-10 -24 -31 -34 0
-10 -24 -31 -35 0
-10 -24 -32 -33 0
-10 -24 -32 -34 0
-10 -24 -32 -35 0
-10 -24 -33 -34 0
-10 -24 -33 -35 0
-10 -24 -34 -35 0
-10 -26 -28 -30 0
-10 -26 -28 -31 0
-10 -26 -28 -32 0
-10 -26 -28 -33 0
-10 -26 -28 -34 0
-10 -26 -28 -35 0
-10 -26 -30 -31 0
-10 -26 -30 -32 0
-10 -26 -30 -33 0
-10 -26 -30 -34 0
-10 -26 -30 -35 0
-10 -26 -31 -32 0
-10 -26 -31 -33 0
-10 -26 -31 -34 0
-10 -26 -31 -35 0
-10 -26 -32 -33 0
-10 -26 -32 -34 0
-10 -26 -32 -35 0
-10 -26 -33 -34 0
-10 -26 -33 -35 0
-10 -26 -34 -35 0
-10 -28 -30 -31 0
-10 -28 -30 -32 0
-10 -28 -30 -33 0
-10 -28 -30 -34 0
-10 -28 -30 -35 0
-10 -28 -31 -32 0
-10 -28 -31 -33 0
-10 -28 -31 -34 0
-10 -28 -31 -35 0
-10 -28 -32 -33 0
-10 -28 -32 -34 0
-10 -28 -32 -35 0
-10 -28 -33 -34 0
-10 -28 -33 -35 0
-10 -28 -34 -35 0
-10 -30 -31 -32 0
-10 -30 -31 -33 0
-10 -30 -31 -34 0
-10 -30 -31 -35 0
-10 -30 -32 -33 0
-10 -30 -32 -34 0
-10 -30 -32 -35 0
-10 -30 -33 -34 0
-10 -30 -33 -35 0
-10 -30 -34 -35 0
-10 -31 -32 -33 0
-10 -31 -32 -34 0
-10 -31 -32 -35 0
-10 -31 -33 -34 0
-10 -31 -33 -35 0
-10 -31 -34 -35 0
-10 -32 -33 -34 0
-10 -32 -33 -35 0
-10 -32 -34 -35 0
-10 -33 -34 -35 0
-12 -14 -16 -18 0
-12 -14 -16 -20 0
-12 -14 -16 -22 0
-12 -14 -16 -24 0
-12 -14 -16 -26 0
-12 -14 -16 -28 0
-12 -14 -16 -30 0
-12 -14 -16 -31 0
-12 -14 -16 -32 0
-12 -14 -16 -33 0
-12 -14 -16 -34 0
-12 -14 -16 -35 0
-12 -14 -18 -20 0
-12 -14 -18 -22 0
-12 -14 -18 -24 0
-12 -14 -18 -26 0
-12 -14 -18 -28 0
-12 -14 -18 -30 0
-12 -14 -18 -31 0
-12 -14 -18 -32 0
-12 -14 -18 -33 0
-12 -14 -18 -34 0
-12 -14 -18 -35 0
-12 -14 -20 -22 0
-12 -14 -20 -24 0
-12 -14 -20 -26 0
-12 -14 -20 -28 0
-12 -14 -20 -30 0
-12 -14 -20 -31 0
-12 -14 -20 -32 0
-12 -14 -20 -33 0
-12 -14 -20 -34 0
-12 -14 -20 -35 0
-12 -14 -22 -24 0
-12 -14 -22 -26 0
-12 -14 -22 -28 0
-12 -14 -22 -30 0
-12 -14 -22 -31 0
-12 -14 -22 -32 0
-12 -14 -22 -33 0
-12 -14 -22 -34 0
-12 -14 -22 -35 0
-12 -14 -24 -26 0
-12 -14 -24 -28 0
-12 -14 -24 -30 0
-12 -14 -24 -31 0
-12 -14 -24 -32 0
-12 -14 -24 -33 0
-12 -14 -24 -34 0
-12 -14 -24 -35 0
-12 -14 -26 -28 0
-12 -14 -26 -30 0
-12 -14 -26 -31 0
-12 -14 -26 -32 0
-12 -14 -26 -33 0
-12 -14 -26 -34 0
-12 -14 -26 -35 0
-12 -14 -28 -30 0
-12 -14 -28 -31 0
-12 -14 -28 -32 0
-12 -14 -28 -33 0
-12 -14 -28 -34 0
-12 -14 -28 -35 0
-12 -14 -30 -31 0
-12 -14 -30 -32 0
-12 -14 -30 -33 0
-12 -14 -30 -34 0
-12 -14 -30 -35 0
-12 -14 -31 -32 0
-12 -14 -31 -33 0
-12 -14 -31 -34 0
-12 -14 -31 -35 0
-12 -14 -32 -33 0
-12 -14 -32 -34 0
-12 -14 -32 -35 0
-12 -14 -33 -34 0
-12 -14 -33 -35 0
-12 -14 -34 -35 0
-12 -16 -18 -20 0
-12 -16 -18 -22 0
-12 -16 -18 -24 0
-12 -16 -18 -26 0
-12 -16 -18 -28 0
-12 -16 -18 -30 0
-12 -16 -18 -31 0
-12 -16 -18 -32 0
-12 -16 -18 -33 0
-12 -16 -18 -34 0
-12 -16 -18 -35 0
-12 -16 -20 -22 0
-12 -16 -20 -24 0
-12 -16 -20 -26 0
-12 -16 -20 -28 0
-12 -16 -20 -30 0
-12 -16 -20 -31 0
-12 -16 -20 -32 0
-12 -16 -20 -33 0
-12 -16 -20 -34 0
-12 -16 -20 -35 0
-12 -16 -22 -24 0
-12 -16 -22 -26 0
-12 -16 -22 -28 0
-12 -16 -22 -30 0
-12 -16 -22 -31 0
-12 -16 -22 -32 0
-12 -16 -22 -33 0
-12 -16 -22 -34 0
-12 -16 -22 -35 0
-12 -16 -24 -26 0
-12 -16 -24 -28 0
-12 -16 -24 -30 0
-12 -16 -24 -31 0
-12 -16 -24 -32 0
-12 -16 -24 -33 0
-12 -16 -24 -34 0
-12 -16 -24 -35 0
-12 -16 -26 -28 0
-12 -16 -26 -30 0
-12 -16 -26 -31 0
-12 -16 -26 -32 0
-12 -16 -26 -33 0
-12 -16 -26 -34 0
-12 -16 -26 -35 0
-12 -16 -28 -30 0
-12 -16 -28 -31 0
-12 -16 -28 -32 0
-12 -16 -28 -33 0
-12 -16 -28 -34 0
-12 -16 -28 -35 0
-12 -16 -30 -31 0
-12 -16 -30 -32 0
-12 -16 -30 -33 0
-12 -16 -30 -34 0
-12 -16 -30 -35 0
-12 -16 -31 -32 0
-12 -16 -31 -33 0
-12 -16 -31 -34 0
-12 -16 -31 -35 0
-12 -16 -32 -33 0
-12 -16 -32 -34 0
-12 -16 -32 -35 0
-12 -16 -33 -34 0
-12 -16 -33 -35 0
-12 -16 -34 -35 0
-12 -18 -20 -22 0
-12 -18 -20 -24 0
-12 -18 -20 -26 0
-12 -18 -20 -28 0
-12 -18 -20 -30 0
-12 -18 -20 -31 0
-12 -18 -20 -32 0
-12 -18 -20 -33 0
-12 -18 -20 -34 0
-12 -18 -20 -35 0
-12 -18 -22 -24 0
-12 -18 -22 -26 0
-12 -18 -22 -28 0
-12 -18 -22 -30 0
-12 -18 -22 -31 0
-12 -18 -22 -32 0
-12 -18 -22 -33 0
-12 -18 -22 -34 0
-12 -18 -22 -35 0
-12 -18 -24 -26 0
-12 -18 -24 -28 0
-12 -18 -24 -30 0
-12 -18 -24 -31 0
-12 -18 -24 -32 0
-12 -18 -24 -33 0
-12 -18 -24 -34 0
-12 -18 -24 -35 0
-12 -18 -26 -28 0
-12 -18 -26 -30 0
-12 -18 -26 -31 0
-12 -18 -26 -32 0
-12 -18 -26 -33 0
-12 -18 -26 -34 0
-12 -18 -26 -35 0
-12 -18 -28 -30 0
-12 -18 -28 -31 0
-12 -18 -28 -32 0
-12 -18 -28 -33 0
-12 -18 -28 -34 0
-12 -18 -28 -35 0
-12 -18 -30 -31 0
-12 -18 -30 -32 0
-12 -18 -30 -33 0
-12 -18 -30 -34 0
-12 -18 -30 -35 0
-12 -18 -31 -32 0
-12 -18 -31 -33 0
-12 -18 -31 -34 0
-12 -18 -31 -35 0
-12 -18 -32 -33 0
-12 -18 -32 -34 0
-12 -18 -32 -35 0
-12 -18 -33 -34 0
-12 -18 -33 -35 0
-12 -18 -34 -35 0
-12 -20 -22 -24 0
-12 -20 -22 -26 0
-12 -20 -22 -28 0
-12 -20 -22 -30 0
-12 -20 -22 -31 0
-12 -20 -22 -32 0
-12 -20 -22 -33 0
-12 -20 -22 -34 0
-12 -20 -22 -35 0
-12 -20 -24 -26 0
-12 -20 -24 -28 0
-12 -20 -24 -30 0
-12 -20 -24 -31 0
-12 -20 -24 -32 0
-12 -20 -24 -33 0
-12 -20 -24 -34 0
-12 -20 -24 -35 0
-12 -20 -26 -28 0
-12 -20 -26 -30 0
-12 -20 -26 -31 0
-12 -20 -26 -32 0
-12 -20 -26 -33 0
-12 -20 -26 -34 0
-12 -20 -26 -35 0
-12 -20 -28 -30 0
-12 -20 -28 -31 0
-12 -20 -28 -32 0
-12 -20 -28 -33 0
-12 -20 -28 -34 0
-12 -20 -28 -35 0
-12 -20 -30 -31 0
-12 -20 -30 -32 0
-12 -20 -30 -33 0
-12 -20 -30 -34 0
-12 -20 -30 -35 0
-12 -20 -31 -32 0
-12 -20 -31 -33 0
-12 -20 -31 -34 0
-12 -20 -31 -35 0
-12 -20 -32 -33 0
-12 -20 -32 -34 0
-12 -20 -32 -35 0
-12 -20 -33 -34 0
-12 -20 -33 -35 0
-12 -20 -34 -35 0
-12 -22 -24 -26 0
-12 -22 -24 -28 0
-12 -22 -24 -30 0
-12 -22 -24 -31 0
-12 -22 -24 -32 0
-12 -22 -24 -33 0
-12 -22 -24 -34 0
-12 -22 -24 -35 0
-12 -22 -26 -28 0
-12 -22 -26 -30 0
-12 -22 -26 -31 0
-12 -22 -26 -32 0
-12 -22 -26 -33 0
-12 -22 -26 -34 0
-12 -22 -26 -35 0
-12 -22 -28 -30 0
-12 -22 -28 -31 0
-12 -22 -28 -32 0
-12 -22 -28 -33 0
-12 -22 -28 -34 0
-12 -22 -28 -35 0
-12 -22 -30 -31 0
-12 -22 -30 -32 0
-12 -22 -30 -33 0
-12 -22 -30 -34 0
-12 -22 -30 -35 0
-12 -22 -31 -32 0
-12 -22 -31 -33 0
-12 -22 -31 -34 0
-12 -22 -31 -35 0
-12 -22 -32 -33 0
-12 -22 -32 -34 0
-12 -22 -32 -35 0
-12 -22 -33 -34 0
-12 -22 -33 -35 0
-12 -22 -34 -35 0
-12 -24 -26 -28 0
-12 -24 -26 -30 0
-12 -24 -26 -31 0
-12 -24 -26 -32 0
-12 -24 -26 -33 0
-12 -24 -26 -34 0
-12 -24 -26 -35 0
-12 -24 -28 -30 0
-12 -24 -28 -31 0
-12 -24 -28 -32 0
-12 -24 -28 -33 0
-12 -24 -28 -34 0
-12 -24 -28 -35 0
-12 -24 -30 -31 0
-12 -24 -30 -32 0
-12 -24 -30 -33 0
-12 -24 -30 -34 0
-12 -24 -30 -35 0
-12 -24 -31 -32 0
-12 -24 -31 -33 0
-12 -24 -31 -34 0
-12 -24 -31 -35 0
-12 -24 -32 -33 0
-12 -24 -32 -34 0
-12 -24 -32 -35 0
-12 -24 -33 -34 0
-12 -24 -33 -35 0
-12 -24 -34 -35 0
-12 -26 -28 -30 0
-12 -26 -28 -31 0
-12 -26 -28 -32 0
-12 -26 -28 -33 0
-12 -26 -28 -34 0
-12 -26 -28 -35 0
-12 -26 -30 -31 0
-12 -26 -30 -32 0
-12 -26 -30 -33 0
-12 -26 -30 -34 0
-12 -26 -30 -35 0
-12 -26 -31 -32 0
-12 -26 -31 -33 0
-12 -26 -31 -34 0
-12 -26 -31 -35 0
-12 -26 -32 -33 0
-12 -26 -32 -34 0
-12 -26 -32 -35 0
-12 -26 -33 -34 0
-12 -26 -33 -35 0
-12 -26 -34 -35 0
-12 -28 -30 -31 0
-12 -28 -30 -32 0
-12 -28 -30 -33 0
-12 -28 -30 -34 0
-12 -28 -30 -35 0
-12 -28 -31 -32 0
-12 -28 -31 -33 0
-12 -28 -31 -34 0
-12 -28 -31 -35 0
-12 -28 -32 -33 0
-12 -28 -32 -34 0
-12 -28 -32 -35 0
-12 -28 -33 -34 0
-12 -28 -33 -35 0
-12 -28 -34 -35 0
-12 -30 -31 -32 0
-12 -30 -31 -33 0
-12 -30 -31 -34 0
-12 -30 -31 -35 0
-12 -30 -32 -33 0
-12 -30 -32 -34 0
-12 -30 -32 -35 0
-12 -30 -33 -34 0
-12 -30 -33 -35 0
-12 -30 -34 -35 0
-12 -31 -32 -33 0
-12 -31 -32 -34 0
-12 -31 -32 -35 0
-12 -31 -33 -34 0
-12 -31 -33 -35 0
-12 -31 -34 -35 0
-12 -32 -33 -34 0
-12 -32 -33 -35 0
-12 -32 -34 -35 0
-12 -33 -34 -35 0
-14 -16 -18 -20 0
-14 -16 -18 -22 0
-14 -16 -18 -24 0
-14 -16 -18 -26 0
-14 -16 -18 -28 0
-14 -16 -18 -30 0
-14 -16 -18 -31 0
-14 -16 -18 -32 0
-14 -16 -18 -33 0
-14 -16 -18 -34 0
-14 -16 -18 -35 0
-14 -16 -20 -22 0
-14 -16 -20 -24 0
-14 -16 -20 -26 0
-14 -16 -20 -28 0
-14 -16 -20 -30 0
-14 -16 -20 -31 0
-14 -16 -20 -32 0
-14 -16 -20 -33 0
-14 -16 -20 -34 0
-14 -16 -20 -35 0
-14 -16 -22 -24 0
-14 -16 -22 -26 0
-14 -16 -22 -28 0
-14 -16 -22 -30 0
-14 -16 -22 -31 0
-14 -16 -22 -32 0
-14 -16 -22 -33 0
-14 -16 -22 -34 0
-14 -16 -22 -35 0
-14 -16 -24 -26 0
-14 -16 -24 -28 0
-14 -16 -24 -30 0
-14 -16 -24 -31 0
-14 -16 -24 -32 0
-14 -16 -24 -33 0
-14 -16 -24 -34 0
-14 -16 -24 -35 0
-14 -16 -26 -28 0
-14 -16 -26 -30 0
-14 -16 -26 -31 0
-14 -16 -26 -32 0
-14 -16 -26 -33 0
-14 -16 -26 -34 0
-14 -16 -26 -35 0
-14 -16 -28 -30 0
-14 -16 -28 -31 0
-14 -16 -28 -32 0
-14 -16 -28 -33 0
-14 -16 -28 -34 0
-14 -16 -28 -35 0
-14 -16 -30 -31 0
-14 -16 -30 -32 0
-14 -16 -30 -33 0
-14 -16 -30 -34 0
-14 -16 -30 -35 0
-14 -16 -31 -32 0
-14 -16 -31 -33 0
-14 -16 -31 -34 0
-14 -16 -31 -35 0
-14 -16 -32 -33 0
-14 -16 -32 -34 0
-14 -16 -32 -35 0
-14 -16 -33 -34 0
-14 -16 -33 -35 0
-14 -16 -34 -35 0
-14 -18 -20 -22 0
-14 -18 -20 -24 0
-14 -18 -20 -26 0
-14 -18 -20 -28 0
-14 -18 -20 -30 0
-14 -18 -20 -31 0
-14 -18 -20 -32 0
-14 -18 -20 -33 0
-14 -18 -20 -34 0
-14 -18 -20 -35 0
-14 -18 -22 -24 0
-14 -18 -22 -26 0
-14 -18 -22 -28 0
-14 -18 -22 -30 0
-14 -18 -22 -31 0
-14 -18 -22 -32 0
-14 -18 -22 -33 0
-14 -18 -22 -34 0
-14 -18 -22 -35 0
-14 -18 -24 -26 0
-14 -18 -24 -28 0
-14 -18 -24 -30 0
-14 -18 -24 -31 0
-14 -18 -24 -32 0
-14 -18 -24 -33 0
-14 -18 -24 -34 0
-14 -18 -24 -35 0
-14 -18 -26 -28 0
-14 -18 -26 -30 0
-14 -18 -26 -31 0
-14 -18 -26 -32 0
-14 -18 -26 -33 0
-14 -18 -26 -34 0
-14 -18 -26 -35 0
-14 -18 -28 -30 0
-14 -18 -28 -31 0
-14 -18 -28 -32 0
-14 -18 -28 -33 0
-14 -18 -28 -34 0
-14 -18 -28 -35 0
-14 -18 -30 -31 0
-14 -18 -30 -32 0
-14 -18 -30 -33 0
-14 -18 -30 -34 0
-14 -18 -30 -35 0
-14 -18 -31 -32 0
-14 -18 -31 -33 0
-14 -18 -31 -34 0
-14 -18 -31 -35 0
-14 -18 -32 -33 0
-14 -18 -32 -34 0
-14 -18 -32 -35 0
-14 -18 -33 -34 0
-14 -18 -33 -35 0
-14 -18 -34 -35 0
-14 -20 -22 -24 0
-14 -20 -22 -26 0
-14 -20 -22 -28 0
-14 -20 -22 -30 0
-14 -20 -22 -31 0
-14 -20 -22 -32 0
-14 -20 -22 -33 0
-14 -20 -22 -34 0
-14 -20 -22 -35 0
-14 -20 -24 -26 0
-14 -20 -24 -28 0
-14 -20 -24 -30 0
-14 -20 -24 -31 0
-14 -20 -24 -32 0
-14 -20 -24 -33 0
-14 -20 -24 -34 0
-14 -20 -24 -35 0
-14 -20 -26 -28 0
-14 -20 -26 -30 0
-14 -20 -26 -31 0
-14 -20 -26 -32 0
-14 -20 -26 -33 0
-14 -20 -26 -34 0
-14 -20 -26 -35 0
-14 -20 -28 -30 0
-14 -20 -28 -31 0
-14 -20 -28 -32 0
-14 -20 -28 -33 0
-14 -20 -28 -34 0
-14 -20 -28 -35 0
-14 -20 -30 -31 0
-14 -20 -30 -32 0
-14 -20 -30 -33 0
-14 -20 -30 -34 0
-14 -20 -30 -35 0
-14 -20 -31 -32 0
-14 -20 -31 -33 0
-14 -20 -31 -34 0
-14 -20 -31 -35 0
-14 -20 -32 -33 0
-14 -20 -32 -34 0
-14 -20 -32 -35 0
-14 -20 -33 -34 0
-14 -20 -33 -35 0
-14 -20 -34 -35 0
-14 -22 -24 -26 0
-14 -22 -24 -28 0
-14 -22 -24 -30 0
-14 -22 -24 -31 0
-14 -22 -24 -32 0
-14 -22 -24 -33 0
-14 -22 -24 -34 0
-14 -22 -24 -35 0
-14 -22 -26 -28 0
-14 -22 -26 -30 0
-14 -22 -26 -31 0
-14 -22 -26 -32 0
-14 -22 -26 -33 0
-14 -22 -26 -34 0
-14 -22 -26 -35 0
-14 -22 -28 -30 0
-14 -22 -28 -31 0
-14 -22 -28 -32 0
-14 -22 -28 -33 0
-14 -22 -28 -34 0
-14 -22 -28 -35 0
-14 -22 -30 -31 0
-14 -22 -30 -32 0
-14 -22 -30 -33 0
-14 -22 -30 -34 0
-14 -22 -30 -35 0
-14 -22 -31 -32 0
-14 -22 -31 -33 0
-14 -22 -31 -34 0
-14 -22 -31 -35 0
-14 -22 -32 -33 0
-14 -22 -32 -34 0
-14 -22 -32 -35 0
-14 -22 -33 -34 0
-14 -22 -33 -35 0
-14 -22 -34 -35 0
-14 -24 -26 -28 0
-14 -24 -26 -30 0
-14 -24 -26 -31 0
-14 -24 -26 -32 0
-14 -24 -26 -33 0
-14 -24 -26 -34 0
-14 -24 -26 -35 0
-14 -24 -28 -30 0
-14 -24 -28 -31 0
-14 -24 -28 -32 0
-14 -24 -28 -33 0
-14 -24 -28 -34 0
-14 -24 -28 -35 0
-14 -24 -30 -31 0
-14 -24 -30 -32 0
-14 -24 -30 -33 0
-14 -24 -30 -34 0
-14 -24 -30 -35 0
-14 -24 -31 -32 0
-14 -24 -31 -33 0
-14 -24 -31 -34 0
-14 -24 -31 -35 0
-14 -24 -32 -33 0
-14 -24 -32 -34 0
-14 -24 -32 -35 0
-14 -24 -33 -34 0
-14 -24 -33 -35 0
-14 -24 -34 -35 0
-14 -26 -28 -30 0
-14 -26 -28 -31 0
-14 -26 -28 -32 0
-14 -26 -28 -33 0
-14 -26 -28 -34 0
-14 -26 -28 -35 0
-14 -26 -30 -31 0
-14 -26 -30 -32 0
-14 -26 -30 -33 0
-14 -26 -30 -34 0
-14 -26 -30 -35 0
-14 -26 -31 -32 0
-14 -26 -31 -33 0
-14 -26 -31 -34 0
-14 -26 -31 -35 0
-14 -26 -32 -33 0
-14 -26 -32 -34 0
-14 -26 -32 -35 0
-14 -26 -33 -34 0
-14 -26 -33 -35 0
-14 -26 -34 -35 0
-14 -28 -30 -31 0
-14 -28 -30 -32 0
-14 -28 -30 -33 0
-14 -28 -30 -34 0
-14 -28 -30 -35 0
-14 -28 -31 -32 0
-14 -28 -31 -33 0
-14 -28 -31 -34 0
-14 -28 -31 -35 0
-14 -28 -32 -33 0
-14 -28 -32 -34 0
-14 -28 -32 -35 0
-14 -28 -33 -34 0
-14 -28 -33 -35 0
-14 -28 -34 -35 0
-14 -30 -31 -32 0
-14 -30 -31 -33 0
-14 -30 -31 -34 0
-14 -30 -31 -35 0
-14 -30 -32 -33 0
-14 -30 -32 -34 0
-14 -30 -32 -35 0
-14 -30 -33 -34 0
-14 -30 -33 -35 0
-14 -30 -34 -35 0
-14 -31 -32 -33 0
-14 -31 -32 -34 0
-14 -31 -32 -35 0
-14 -31 -33 -34 0
-14 -31 -33 -35 0
-14 -31 -34 -35 0
-14 -32 -33 -34 0
-14 -32 -33 -35 0
-14 -32 -34 -35 0
-14 -33 -34 -35 0
-16 -18 -20 -22 0
-16 -18 -20 -24 0
-16 -18 -20 -26 0
-16 -18 -20 -28 0
-16 -18 -20 -30 0
-16 -18 -20 -31 0
-16 -18 -20 -32 0
-16 -18 -20 -33 0
-16 -18 -20 -34 0
-16 -18 -20 -35 0
-16 -18 -22 -24 0
-16 -18 -22 -26 0
-16 -18 -22 -28 0
-16 -18 -22 -30 0
-16 -18 -22 -31 0
-16 -18 -22 -32 0
-16 -18 -22 -33 0
-16 -18 -22 -34 0
-16 -18 -22 -35 0
-16 -18 -24 -26 0
-16 -18 -24 -28 0
-16 -18 -24 -30 0
-16 -18 -24 -31 0
-16 -18 -24 -32 0
-16 -18 -24 -33 0
-16 -18 -24 -34 0
-16 -18 -24 -35 0
-16 -18 -26 -28 0
-16 -18 -26 -30 0
-16 -18 -26 -31 0
-16 -18 -26 -32 0
-16 -18 -26 -33 0
-16 -18 -26 -34 0
-16 -18 -26 -35 0
-16 -18 -28 -30 0
-16 -18 -28 -31 0
-16 -18 -28 -32 0
-16 -18 -28 -33 0
-16 -18 -28 -34 0
-16 -18 -28 -35 0
-16 -18 -30 -31 0
-16 -18 -30 -32 0
-16 -18 -30 -33 0
-16 -18 -30 -34 0
-16 -18 -30 -35 0
-16 -18 -31 -32 0
-16 -18 -31 -33 0
-16 -18 -31 -34 0
-16 -18 -31 -35 0
-16 -18 -32 -33 0
-16 -18 -32 -34 0
-16 -18 -32 -35 0
-16 -18 -33 -34 0
-16 -18 -33 -35 0
-16 -18 -34 -35 0
-16 -20 -22 -24 0
-16 -20 -22 -26 0
-16 -20 -22 -28 0
-16 -20 -22 -30 0
-16 -20 -22 -31 0
-16 -20 -22 -32 0
-16 -20 -22 -33 0
-16 -20 -22 -34 0
-16 -20 -22 -35 0
-16 -20 -24 -26 0
-16 -20 -24 -28 0
-16 -20 -24 -30 0
-16 -20 -24 -31 0
-16 -20 -24 -32 0
-16 -20 -24 -33 0
-16 -20 -24 -34 0
-16 -20 -24 -35 0
-16 -20 -26 -28 0
-16 -20 -26 -30 0
-16 -20 -26 -31 0
-16 -20 -26 -32 0
-16 -20 -26 -33 0
-16 -20 -26 -34 0
-16 -20 -26 -35 0
-16 -20 -28 -30 0
-16 -20 -28 -31 0
-16 -20 -28 -32 0
-16 -20 -28 -33 0
-16 -20 -28 -34 0
-16 -20 -28 -35 0
-16 -20 -30 -31 0
-16 -20 -30 -32 0
-16 -20 -30 -33 0
-16 -20 -30 -34 0
-16 -20 -30 -35 0
-16 -20 -31 -32 0
-16 -20 -31 -33 0
-16 -20 -31 -34 0
-16 -20 -31 -35 0
-16 -20 -32 -33 0
-16 -20 -32 -34 0
-16 -20 -32 -35 0
-16 -20 -33 -34 0
-16 -20 -33 -35 0
-16 -20 -34 -35 0
-16 -22 -24 -26 0
-16 -22 -24 -28 0
-16 -22 -24 -30 0
-16 -22 -24 -31 0
-16 -22 -24 -32 0
-16 -22 -24 -33 0
-16 -22 -24 -34 0
-16 -22 -24 -35 0
-16 -22 -26 -28 0
-16 -22 -26 -30 0
-16 -22 -26 -31 0
-16 -22 -26 -32 0
-16 -22 -26 -33 0
-16 -22 -26 -34 0
-16 -22 -26 -35 0
-16 -22 -28 -30 0
-16 -22 -28 -31 0
-16 -22 -28 -32 0
-16 -22 -28 -33 0
-16 -22 -28 -34 0
-16 -22 -28 -35 0
-16 -22 -30 -31 0
-16 -22 -30 -32 0
-16 -22 -30 -33 0
-16 -22 -30 -34 0
-16 -22 -30 -35 0
-16 -22 -31 -32 0
-16 -22 -31 -33 0
-16 -22 -31 -34 0
-16 -22 -31 -35 0
-16 -22 -32 -33 0
-16 -22 -32 -34 0
-16 -22 -32 -35 0
-16 -22 -33 -34 0
-16 -22 -33 -35 0
-16 -22 -34 -35 0
-16 -24 -26 -28 0
-16 -24 -26 -30 0
-16 -24 -26 -31 0
-16 -24 -26 -32 0
-16 -24 -26 -33 0
-16 -24 -26 -34 0
-16 -24 -26 -35 0
-16 -24 -28 -30 0
-16 -24 -28 -31 0
-16 -24 -28 -32 0
-16 -24 -28 -33 0
-16 -24 -28 -34 0
-16 -24 -28 -35 0
-16 -24 -30 -31 0
-16 -24 -30 -32 0
-16 -24 -30 -33 0
-16 -24 -30 -34 0
-16 -24 -30 -35 0
-16 -24 -31 -32 0
-16 -24 -31 -33 0
-16 -24 -31 -34 0
-16 -24 -31 -35 0
-16 -24 -32 -33 0
-16 -24 -32 -34 0
-16 -24 -32 -35 0
-16 -24 -33 -34 0
-16 -24 -33 -35 0
-16 -24 -34 -35 0
-16 -26 -28 -30 0
-16 -26 -28 -31 0
-16 -26 -28 -32 0
-16 -26 -28 -33 0
-16 -26 -28 -34 0
-16 -26 -28 -35 0
-16 -26 -30 -31 0
-16 -26 -30 -32 0
-16 -26 -30 -33 0
-16 -26 -30 -34 0
-16 -26 -30 -35 0
-16 -26 -31 -32 0
-16 -26 -31 -33 0
-16 -26 -31 -34 0
-16 -26 -31 -35 0
-16 -26 -32 -33 0
-16 -26 -32 -34 0
-16 -26 -32 -35 0
-16 -26 -33 -34 0
-16 -26 -33 -35 0
-16 -26 -34 -35 0
-16 -28 -30 -31 0
-16 -28 -30 -32 0
-16 -28 -30 -33 0
-16 -28 -30 -34 0
-16 -28 -30 -35 0
-16 -28 -31 -32 0
-16 -28 -31 -33 0
-16 -28 -31 -34 0
-16 -28 -31 -35 0
-16 -28 -32 -33 0
-16 -28 -32 -34 0
-16 -28 -32 -35 0
-16 -28 -33 -34 0
-16 -28 -33 -35 0
-16 -28 -34 -35 0
-16 -30 -31 -32 0
-16 -30 -31 -33 0
-16 -30 -31 -34 0
-16 -30 -31 -35 0
-16 -30 -32 -33 0
-16 -30 -32 -34 0
-16 -30 -32 -35 0
-16 -30 -33 -34 0
-16 -30 -33 -35 0
-16 -30 -34 -35 0
-16 -31 -32 -33 0
-16 -31 -32 -34 0
-16 -31 -32 -35 0
-16 -31 -33 -34 0
-16 -31 -33 -35 0
-16 -31 -34 -35 0
-16 -32 -33 -34 0
-16 -32 -33 -35 0
-16 -32 -34 -35 0
-16 -33 -34 -35 0
-18 -20 -22 -24 0
-18 -20 -22 -26 0
-18 -20 -22 -28 0
-18 -20 -22 -30 0
-18 -20 -22 -31 0
-18 -20 -22 -32 0
-18 -20 -22 -33 0
-18 -20 -22 -34 0
-18 -20 -22 -35 0
-18 -20 -24 -26 0
-18 -20 -24 -28 0
-18 -20 -24 -30 0
-18 -20 -24 -31 0
-18 -20 -24 -32 0
-18 -20 -24 -33 0
-18 -20 -24 -34 0
-18 -20 -24 -35 0
-18 -20 -26 -28 0
-18 -20 -26 -30 0
-18 -20 -26 -31 0
-18 -20 -26 -32 0
-18 -20 -26 -33 0
-18 -20 -26 -34 0
-18 -20 -26 -35 0
-18 -20 -28 -30 0
-18 -20 -28 -31 0
-18 -20 -28 -32 0
-18 -20 -28 -33 0
-18 -20 -28 -34 0
-18 -20 -28 -35 0
-18 -20 -30 -31 0
-18 -20 -30 -32 0
-18 -20 -30 -33 0
-18 -20 -30 -34 0
-18 -20 -30 -35 0
-18 -20 -31 -32 0
-18 -20 -31 -33 0
-18 -20 -31 -34 0
-18 -20 -31 -35 0
-18 -20 -32 -33 0
-18 -20 -32 -34 0
-18 -20 -32 -35 0
-18 -20 -33 -34 0
-18 -20 -33 -35 0
-18 -20 -34 -35 0
-18 -22 -24 -26 0
-18 -22 -24 -28 0
-18 -22 -24 -30 0
-18 -22 -24 -31 0
-18 -22 -24 -32 0
-18 -22 -24 -33 0
-18 -22 -24 -34 0
-18 -22 -24 -35 0
-18 -22 -26 -28 0
-18 -22 -26 -30 0
-18 -22 -26 -31 0
-18 -22 -26 -32 0
-18 -22 -26 -33 0
-18 -22 -26 -34 0
-18 -22 -26 -35 0
-18 -22 -28 -30 0
-18 -22 -28 -31 0
-18 -22 -28 -32 0
-18 -22 -28 -33 0
-18 -22 -28 -34 0
-18 -22 -28 -35 0
-18 -22 -30 -31 0
-18 -22 -30 -32 0
-18 -22 -30 -33 0
-18 -22 -30 -34 0
-18 -22 -30 -35 0
-18 -22 -31 -32 0
-18 -22 -31 -33 0
-18 -22 -31 -34 0
-18 -22 -31 -35 0
-18 -22 -32 -33 0
-18 -22 -32 -34 0
-18 -22 -32 -35 0
-18 -22 -33 -34 0
-18 -22 -33 -35 0
-18 -22 -34 -35 0
-18 -24 -26 -28 0
-18 -24 -26 -30 0
-18 -24 -26 -31 0
-18 -24 -26 -32 0
-18 -24 -26 -33 0
-18 -24 -26 -34 0
-18 -24 -26 -35 0
-18 -24 -28 -30 0
-18 -24 -28 -31 0
-18 -24 -28 -32 0
-18 -24 -28 -33 0
-18 -24 -28 -34 0
-18 -24 -28 -35 0
-18 -24 -30 -31 0
-18 -24 -30 -32 0
-18 -24 -30 -33 0
-18 -24 -30 -34 0
-18 -24 -30 -35 0
-18 -24 -31 -32 0
-18 -24 -31 -33 0
-18 -24 -31 -34 0
-18 -24 -31 -35 0
-18 -24 -32 -33 0
-18 -24 -32 -34 0
-18 -24 -32 -35 0
-18 -24 -33 -34 0
-18 -24 -33 -35 0
-18 -24 -34 -35 0
-18 -26 -28 -30 0
-18 -26 -28 -31 0
-18 -26 -28 -32 0
-18 -26 -28 -33 0
-18 -26 -28 -34 0
-18 -26 -28 -35 0
-18 -26 -30 -31 0
-18 -26 -30 -32 0
-18 -26 -30 -33 0
-18 -26 -30 -34 0
-18 -26 -30 -35 0
-18 -26 -31 -32 0
-18 -26 -31 -33 0
-18 -26 -31 -34 0
-18 -26 -31 -35 0
-18 -26 -32 -33 0
-18 -26 -32 -34 0
-18 -26 -32 -35 0
-18 -26 -33 -34 0
-18 -26 -33 -35 0
-18 -26 -34 -35 0
-18 -28 -30 -31 0
-18 -28 -30 -32 0
-18 -28 -30 -33 0
-18 -28 -30 -34 0
-18 -28 -30 -35 0
-18 -28 -31 -32 0
-18 -28 -31 -33 0
-18 -28 -31 -34 0
-18 -28 -31 -35 0
-18 -28 -32 -33 0
-18 -28 -32 -34 0
-18 -28 -32 -35 0
-18 -28 -33 -34 0
-18 -28 -33 -35 0
-18 -28 -34 -35 0
-18 -30 -31 -32 0
-18 -30 -31 -33 0
-18 -30 -31 -34 0
-18 -30 -31 -35 0
-18 -30 -32 -33 0
-18 -30 -32 -34 0
-18 -30 -32 -35 0
-18 -30 -33 -34 0
-18 -30 -33 -35 0
-18 -30 -34 -35 0
-18 -31 -32 -33 0
-18 -31 -32 -34 0
-18 -31 -32 -35 0
-18 -31 -33 -34 0
-18 -31 -33 -35 0
-18 -31 -34 -35 0
-18 -32 -33 -34 0
-18 -32 -33 -35 0
-18 -32 -34 -35 0
-18 -33 -34 -35 0
-20 -22 -24 -26 0
-20 -22 -24 -28 0
-20 -22 -24 -30 0
-20 -22 -24 -31 0
-20 -22 -24 -32 0
-20 -22 -24 -33 0
-20 -22 -24 -34 0
-20 -22 -24 -35 0
-20 -22 -26 -28 0
-20 -22 -26 -30 0
-20 -22 -26 -31 0
-20 -22 -26 -32 0
-20 -22 -26 -33 0
-20 -22 -26 -34 0
-20 -22 -26 -35 0
-20 -22 -28 -30 0
-20 -22 -28 -31 0
-20 -22 -28 -32 0
-20 -22 -28 -33 0
-20 -22 -28 -34 0
-20 -22 -28 -35 0
-20 -22 -30 -31 0
-20 -22 -30 -32 0
-20 -22 -30 -33 0
-20 -22 -30 -34 0
-20 -22 -30 -35 0
-20 -22 -31 -32 0
-20 -22 -31 -33 0
-20 -22 -31 -34 0
-20 -22 -31 -35 0
-20 -22 -32 -33 0
-20 -22 -32 -34 0
-20 -22 -32 -35 0
-20 -22 -33 -34 0
-20 -22 -33 -35 0
-20 -22 -34 -35 0
-20 -24 -26 -28 0
-20 -24 -26 -30 0
-20 -24 -26 -31 0
-20 -24 -26 -32 0
-20 -24 -26 -33 0
-20 -24 -26 -34 0
-20 -24 -26 -35 0
-20 -24 -28 -30 0
-20 -24 -28 -31 0
-20 -24 -28 -32 0
-20 -24 -28 -33 0
-20 -24 -28 -34 0
-20 -24 -28 -35 0
-20 -24 -30 -31 0
-20 -24 -30 -32 0
-20 -24 -30 -33 0
-20 -24 -30 -34 0
-20 -24 -30 -35 0
-20 -24 -31 -32 0
-20 -24 -31 -33 0
-20 -24 -31 -34 0
-20 -24 -31 -35 0
-20 -24 -32 -33 0
-20 -24 -32 -34 0
-20 -24 -32 -35 0
-20 -24 -33 -34 0
-20 -24 -33 -35 0
-20 -24 -34 -35 0
-20 -26 -28 -30 0
-20 -26 -28 -31 0
-20 -26 -28 -32 0
-20 -26 -28 -33 0
-20 -26 -28 -34 0
-20 -26 -28 -35 0
-20 -26 -30 -31 0
-20 -26 -30 -32 0
-20 -26 -30 -33 0
-20 -26 -30 -34 0
-20 -26 -30 -35 0
-20 -26 -31 -32 0
-20 -26 -31 -33 0
-20 -26 -31 -34 0
-20 -26 -31 -35 0
-20 -26 -32 -33 0
-20 -26 -32 -34 0
-20 -26 -32 -35 0
-20 -26 -33 -34 0
-20 -26 -33 -35 0
-20 -26 -34 -35 0
-20 -28 -30 -31 0
-20 -28 -30 -32 0
-20 -28 -30 -33 0
-20 -28 -30 -34 0
-20 -28 -30 -35 0
-20 -28 -31 -32 0
-20 -28 -31 -33 0
-20 -28 -31 -34 0
-20 -28 -31 -35 0
-20 -28 -32 -33 0
-20 -28 -32 -34 0
-20 -28 -32 -35 0
-20 -28 -33 -34 0
-20 -28 -33 -35 0
-20 -28 -34 -35 0
-20 -30 -31 -32 0
-20 -30 -31 -33 0
-20 -30 -31 -34 0
-20 -30 -31 -35 0
-20 -30 -32 -33 0
-20 -30 -32 -34 0
-20 -30 -32 -35 0
-20 -30 -33 -34 0
-20 -30 -33 -35 0
-20 -30 -34 -35 0
-20 -31 -32 -33 0
-20 -31 -32 -34 0
-20 -31 -32 -35 0
-20 -31 -33 -34 0
-20 -31 -33 -35 0
-20 -31 -34 -35 0
-20 -32 -33 -34 0
-20 -32 -33 -35 0
-20 -32 -34 -35 0
-20 -33 -34 -35 0
-22 -24 -26 -28 0
-22 -24 -26 -30 0
-22 -24 -26 -31 0
-22 -24 -26 -32 0
-22 -24 -26 -33 0
-22 -24 -26 -34 0
-22 -24 -26 -35 0
-22 -24 -28 -30 0
-22 -24 -28 -31 0
-22 -24 -28 -32 0
-22 -24 -28 -33 0
-22 -24 -28 -34 0
-22 -24 -28 -35 0
-22 -24 -30 -31 0
-22 -24 -30 -32 0
-22 -24 -30 -33 0
-22 -24 -30 -34 0
-22 -24 -30 -35 0
-22 -24 -31 -32 0
-22 -24 -31 -33 0
-22 -24 -31 -34 0
-22 -24 -31 -35 0
-22 -24 -32 -33 0
-22 -24 -32 -34 0
-22 -24 -32 -35 0
-22 -24 -33 -34 0
-22 -24 -33 -35 0
-22 -24 -34 -35 0
-22 -26 -28 -30 0
-22 -26 -28 -31 0
-22 -26 -28 -32 0
-22 -26 -28 -33 0
-22 -26 -28 -34 0
-22 -26 -28 -35 0
-22 -26 -30 -31 0
-22 -26 -30 -32 0
-22 -26 -30 -33 0
-22 -26 -30 -34 0
-22 -26 -30 -35 0
-22 -26 -31 -32 0
-22 -26 -31 -33 0
-22 -26 -31 -34 0
-22 -26 -31 -35 0
-22 -26 -32 -33 0
-22 -26 -32 -34 0
-22 -26 -32 -35 0
-22 -26 -33 -34 0
-22 -26 -33 -35 0
-22 -26 -34 -35 0
-22 -28 -30 -31 0
-22 -28 -30 -32 0
-22 -28 -30 -33 0
-22 -28 -30 -34 0
-22 -28 -30 -35 0
-22 -28 -31 -32 0
-22 -28 -31 -33 0
-22 -28 -31 -34 0
-22 -28 -31 -35 0
-22 -28 -32 -33 0
-22 -28 -32 -34 0
-22 -28 -32 -35 0
-22 -28 -33 -34 0
-22 -28 -33 -35 0
-22 -28 -34 -35 0
-22 -30 -31 -32 0
-22 -30 -31 -33 0
-22 -30 -31 -34 0
-22 -30 -31 -35 0
-22 -30 -32 -33 0
-22 -30 -32 -34 0
-22 -30 -32 -35 0
-22 -30 -33 -34 0
-22 -30 -33 -35 0
-22 -30 -34 -35 0
-22 -31 -32 -33 0
-22 -31 -32 -34 0
-22 -31 -32 -35 0
-22 -31 -33 -34 0
-22 -31 -33 -35 0
-22 -31 -34 -35 0
-22 -32 -33 -34 0
-22 -32 -33 -35 0
-22 -32 -34 -35 0
-22 -33 -34 -35 0
-24 -26 -28 -30 0
-24 -26 -28 -31 0
-24 -26 -28 -32 0
-24 -26 -28 -33 0
-24 -26 -28 -34 0
-24 -26 -28 -35 0
-24 -26 -30 -31 0
-24 -26 -30 -32 0
-24 -26 -30 -33 0
-24 -26 -30 -34 0
-24 -26 -30 -35 0
-24 -26 -31 -32 0
-24 -26 -31 -33 0
-24 -26 -31 -34 0
-24 -26 -31 -35 0
-24 -26 -32 -33 0
-24 -26 -32 -34 0
-24 -26 -32 -35 0
-24 -26 -33 -34 0
-24 -26 -33 -35 0
-24 -26 -34 -35 0
-24 -28 -30 -31 0
-24 -28 -30 -32 0
-24 -28 -30 -33 0
-24 -28 -30 -34 0
-24 -28 -30 -35 0
-24 -28 -31 -32 0
-24 -28 -31 -33 0
-24 -28 -31 -34 0
-24 -28 -31 -35 0
-24 -28 -32 -33 0
-24 -28 -32 -34 0
-24 -28 -32 -35 0
-24 -28 -33 -34 0
-24 -28 -33 -35 0
-24 -28 -34 -35 0
-24 -30 -31 -32 0
-24 -30 -31 -33 0
-24 -30 -31 -34 0
-24 -30 -31 -35 0
-24 -30 -32 -33 0
-24 -30 -32 -34 0
-24 -30 -32 -35 0
-24 -30 -33 -34 0
-24 -30 -33 -35 0
-24 -30 -34 -35 0
-24 -31 -32 -33 0
-24 -31 -32 -34 0
-24 -31 -32 -35 0
-24 -31 -33 -34 0
-24 -31 -33 -35 0
-24 -31 -34 -35 0
-24 -32 -33 -34 0
-24 -32 -33 -35 0
-24 -32 -34 -35 0
-24 -33 -34 -35 0
-26 -28 -30 -31 0
-26 -28 -30 -32 0
-26 -28 -30 -33 0
-26 -28 -30 -34 0
-26 -28 -30 -35 0
-26 -28 -31 -32 0
-26 -28 -31 -33 0
-26 -28 -31 -34 0
-26 -28 -31 -35 0
-26 -28 -32 -33 0
-26 -28 -32 -34 0
-26 -28 -32 -35 0
-26 -28 -33 -34 0
-26 -28 -33 -35 0
-26 -28 -34 -35 0
-26 -30 -31 -32 0
-26 -30 -31 -33 0
-26 -30 -31 -34 0
-26 -30 -31 -35 0
-26 -30 -32 -33 0
-26 -30 -32 -34 0
-26 -30 -32 -35 0
-26 -30 -33 -34 0
-26 -30 -33 -35 0
-26 -30 -34 -35 0
-26 -31 -32 -33 0
-26 -31 -32 -34 0
-26 -31 -32 -35 0
-26 -31 -33 -34 0
-26 -31 -33 -35 0
-26 -31 -34 -35 0
-26 -32 -33 -34 0
-26 -32 -33 -35 0
-26 -32 -34 -35 0
-26 -33 -34 -35 0
-28 -30 -31 -32 0
-28 -30 -31 -33 0
-28 -30 -31 -34 0
-28 -30 -31 -35 0
-28 -30 -32 -33 0
-28 -30 -32 -34 0
-28 -30 -32 -35 0
-28 -30 -33 -34 0
-28 -30 -33 -35 0
-28 -30 -34 -35 0
-28 -31 -32 -33 0
-28 -31 -32 -34 0
-28 -31 -32 -35 0
-28 -31 -33 -34 0
-28 -31 -33 -35 0
-28 -31 -34 -35 0
-28 -32 -33 -34 0
-28 -32 -33 -35 0
-28 -32 -34 -35 0
-28 -33 -34 -35 0
-30 -31 -32 -33 0
-30 -31 -32 -34 0
-30 -31 -32 -35 0
-30 -31 -33 -34 0
-30 -31 -33 -35 0
-30 -31 -34 -35 0
-30 -32 -33 -34 0
-30 -32 -33 -35 0
-30 -32 -34 -35 0
-30 -33 -34 -35 0
-31 -32 -33 -34 0
-31 -32 -33 -35 0
-31 -32 -34 -35 0
-31 -33 -34 -35 0
-32 -33 -34 -35 0
