1 2 3 4 5 6 7 8 0
-1 -2 0
-1 -3 0
-1 -4 0
-1 -5 0
-1 -6 0
-1 -7 0
-1 -8 0
-2 -3 0
-2 -4 0
-2 -5 0
-2 -6 0
-2 -7 0
-2 -8 0
-3 -4 0
-3 -5 0
-3 -6 0
-3 -7 0
-3 -8 0
-4 -5 0
-4 -6 0
-4 -7 0
-4 -8 0
-5 -6 0
-5 -7 0
-5 -8 0
-6 -7 0
-6 -8 0
-7 -8 0
9 10 11 12 13 14 15 16 0
-9 -10 0
-9 -11 0
-9 -12 0
-9 -13 0
-9 -14 0
-9 -15 0
-9 -16 0
-10 -11 0
-10 -12 0
-10 -13 0
-10 -14 0
-10 -15 0
-10 -16 0
-11 -12 0
-11 -13 0
-11 -14 0
-11 -15 0
-11 -16 0
-12 -13 0
-12 -14 0
-12 -15 0
-12 -16 0
-13 -14 0
-13 -15 0
-13 -16 0
-14 -15 0
-14 -16 0
-15 -16 0
17 18 19 20 21 22 0
-17 -18 0
-17 -19 0
-17 -20 0
-17 -21 0
-17 -22 0
-18 -19 0
-18 -20 0
-18 -21 0
-18 -22 0
-19 -20 0
-19 -21 0
-19 -22 0
-20 -21 0
-20 -22 0
-21 -22 0
23 24 25 26 27 0
-23 -24 0
-23 -25 0
-23 -26 0
-23 -27 0
-24 -25 0
-24 -26 0
-24 -27 0
-25 -26 0
-25 -27 0
-26 -27 0
28 29 30 31 0
-28 -29 0
-28 -30 0
-28 -31 0
-29 -30 0
-29 -31 0
-30 -31 0
32 33 34 35 0
-32 -33 0
-32 -34 0
-32 -35 0
-33 -34 0
-33 -35 0
-34 -35 0
36 37 38 39 0
-36 -37 0
-36 -38 0
-36 -39 0
-37 -38 0
-37 -39 0
-38 -39 0
40 41 42 43 0
-40 -41 0
-40 -42 0
-40 -43 0
-41 -42 0
-41 -43 0
-42 -43 0
44 45 46 47 0
-44 -45 0
-44 -46 0
-44 -47 0
-45 -46 0
-45 -47 0
-46 -47 0
48 49 50 51 0
-48 -49 0
-48 -50 0
-48 -51 0
-49 -50 0
-49 -51 0
-50 -51 0
52 53 54 55 0
-52 -53 0
-52 -54 0
-52 -55 0
-53 -54 0
-53 -55 0
-54 -55 0
56 57 58 59 0
-56 -57 0
-56 -58 0
-56 -59 0
-57 -58 0
-57 -59 0
-58 -59 0
60 61 62 63 0
-60 -61 0
-60 -62 0
-60 -63 0
-61 -62 0
-61 -63 0
-62 -63 0
64 65 66 67 0
-64 -65 0
-64 -66 0
-64 -67 0
-65 -66 0
-65 -67 0
-66 -67 0
68 69 70 71 0
-68 -69 0
-68 -70 0
-68 -71 0
-69 -70 0
-69 -71 0
-70 -71 0
72 73 74 75 0
-72 -73 0
-72 -74 0
-72 -75 0
-73 -74 0
-73 -75 0
-74 -75 0
76 77 78 79 0
-76 -77 0
-76 -78 0
-76 -79 0
-77 -78 0
-77 -79 0
-78 -79 0
80 81 82 83 0
-80 -81 0
-80 -82 0
-80 -83 0
-81 -82 0
-81 -83 0
-82 -83 0
84 85 86 87 0
-84 -85 0
-84 -86 0
-84 -87 0
-85 -86 0
-85 -87 0
-86 -87 0
-1 28 0
-1 40 0
-1 32 0
-1 44 0
-2 32 0
-2 44 0
-2 36 0
-2 48 0
-3 40 0
-3 52 0
-3 44 0
-3 56 0
-4 44 0
-4 56 0
-4 48 0
-4 60 0
-5 52 0
-5 64 0
-5 56 0
-5 68 0
-6 56 0
-6 68 0
-6 60 0
-6 72 0
-7 64 0
-7 76 0
-7 68 0
-7 80 0
-8 68 0
-8 80 0
-8 72 0
-8 84 0
-9 29 0
-9 41 0
-9 33 0
-9 45 0
-10 33 0
-10 45 0
-10 37 0
-10 49 0
-11 41 0
-11 53 0
-11 45 0
-11 57 0
-12 45 0
-12 57 0
-12 49 0
-12 61 0
-13 53 0
-13 65 0
-13 57 0
-13 69 0
-14 57 0
-14 69 0
-14 61 0
-14 73 0
-15 65 0
-15 77 0
-15 69 0
-15 81 0
-16 69 0
-16 81 0
-16 73 0
-16 85 0
-17 30 0
-17 42 0
-17 54 0
-17 66 0
-18 34 0
-18 46 0
-18 58 0
-18 70 0
-19 38 0
-19 50 0
-19 62 0
-19 74 0
-20 42 0
-20 54 0
-20 66 0
-20 78 0
-21 46 0
-21 58 0
-21 70 0
-21 82 0
-22 50 0
-22 62 0
-22 74 0
-22 86 0
-23 31 0
-23 35 0
-23 39 0
-24 43 0
-24 47 0
-24 51 0
-25 55 0
-25 59 0
-25 63 0
-26 67 0
-26 71 0
-26 75 0
-27 79 0
-27 83 0
-27 87 0
